#####################################################################
# Alchemist log file - simulation started at: 2025-02-21T10:39+0000 #
#####################################################################
#
# seed = 0, nodes = 75, isBaseline = false, deploymentStrategy = heuristic, pueApplication = 1.2, pueInfrastructural = 1.3, availableHwApplication = 60, availableHwInfrastructural = 525, freeHwInfrastructural = 525
#
# The columns have the following meaning: 
# time Carbon[mean] Energy[mean] InterLatency[min] InterLatency[max] InterLatency[mean] InterLatency[variance] IntraLatency[min] IntraLatency[max] IntraLatency[mean] IntraLatency[variance] ExecutionTime[mean] renewablePercentage[mean] 
0.0 NaN NaN NaN NaN NaN NaN NaN NaN NaN NaN NaN NaN
1.1337332612453288E-4 NaN NaN NaN NaN NaN NaN NaN NaN NaN NaN NaN NaN
1.0001133733261245 0.3779796696617788 2.3999999999999995 6.860368719849951 13.40120376562976 10.032273030079695 2.0131431085710183 0.0 0.0 0.0 0.0 2.13874393E8 0.4665916969139766
2.0001133733261254 0.3779796696617788 2.3999999999999995 6.860368719849951 13.40120376562976 10.032273030079695 2.0131431085710183 0.0 0.0 0.0 0.0 2.13874393E8 0.4665916969139766
3.0001133733261263 0.379803950907602 2.3999999999999995 0.0 27.840174275918987 8.749760258897616 37.70062117593571 0.0 28.356645066006678 11.166179728093137 45.77510118408202 2.13874393E8 0.47710900259541567
4.000113373326127 0.379803950907602 2.3999999999999995 0.0 27.840174275918987 8.749760258897616 37.70062117593571 0.0 28.356645066006678 11.166179728093137 45.77510118408202 2.13874393E8 0.47710900259541567
5.000113373326124 0.38287023152243777 2.3999999999999995 0.0 26.00887199100586 8.864082553196862 36.06206127392199 0.0 25.192205150447492 11.250207471250526 49.39705640387253 2.13874393E8 0.4843009626932214
6.00011337332612 0.38287023152243777 2.3999999999999995 0.0 26.00887199100586 8.864082553196862 36.06206127392199 0.0 25.192205150447492 11.250207471250526 49.39705640387253 2.13874393E8 0.4843009626932214
7.0001133733261165 0.3886431367645912 2.3999999999999995 0.0 26.560488011981867 8.600520525045557 37.37930316456748 0.0 23.958486354368535 10.936681637372152 43.73573248133586 2.13874393E8 0.49920883289519746
8.000113373326114 0.3886431367645912 2.3999999999999995 0.0 26.560488011981867 8.600520525045557 37.37930316456748 0.0 23.958486354368535 10.936681637372152 43.73573248133586 2.13874393E8 0.49920883289519746
9.00011337332611 0.39400351020548713 2.3999999999999995 0.0 27.95233060201623 8.715901501283215 40.77507116766753 0.0 24.460588641990267 11.103471763018286 45.54733653426971 2.13874393E8 0.5039233509817457
10.000113373326107 0.39400351020548713 2.3999999999999995 0.0 27.95233060201623 8.715901501283215 40.77507116766753 0.0 24.460588641990267 11.103471763018286 45.54733653426971 2.13874393E8 0.5039233509817457
11.000113373326103 0.3967718394806376 2.3999999999999995 0.0 27.20641780611334 8.561391328523218 39.066049074871046 0.0 23.431631354154778 11.159887227459489 45.11086399000439 2.13874393E8 0.5140240620368436
12.0001133733261 0.3967718394806376 2.3999999999999995 0.0 27.20641780611334 8.561391328523218 39.066049074871046 0.0 23.431631354154778 11.159887227459489 45.11086399000439 2.13874393E8 0.5140240620368436
13.000113373326096 0.407139535918482 2.3999999999999995 0.0 26.70883577157472 9.243182268694133 36.13153047465106 0.0 24.69210100651469 11.494013504099316 51.82446519804131 2.13874393E8 0.5220860103901861
14.000113373326093 0.407139535918482 2.3999999999999995 0.0 26.70883577157472 9.243182268694133 36.13153047465106 0.0 24.69210100651469 11.494013504099316 51.82446519804131 2.13874393E8 0.5220860103901861
15.000113373326089 0.41440812925499515 2.3999999999999995 0.0 27.62535987040263 9.310644033733945 36.57802074126533 0.0 24.856306429583984 11.343676445010678 49.92912027097467 2.13874393E8 0.5291544823949312
16.000113373326087 0.41440812925499515 2.3999999999999995 0.0 27.62535987040263 9.310644033733945 36.57802074126533 0.0 24.856306429583984 11.343676445010678 49.92912027097467 2.13874393E8 0.5291544823949312
17.0001133733261 0.43220713623211987 2.3999999999999995 0.0 26.281647029688674 9.361263871656114 37.87757039740416 0.0 23.670589056893352 11.210067765700975 45.340867333447626 2.13874393E8 0.5387860300069601
18.000113373326116 0.43220713623211987 2.3999999999999995 0.0 26.281647029688674 9.361263871656114 37.87757039740416 0.0 23.670589056893352 11.210067765700975 45.340867333447626 2.13874393E8 0.5387860300069601
19.00011337332613 0.43528945029394045 2.3999999999999995 0.0 26.59064200987858 9.30660712359562 38.27114235669025 0.0 24.6553794788659 11.227239341521537 47.38574657932013 2.13874393E8 0.5420317996719969
20.000113373326144 0.43528945029394045 2.3999999999999995 0.0 26.59064200987858 9.30660712359562 38.27114235669025 0.0 24.6553794788659 11.227239341521537 47.38574657932013 2.13874393E8 0.5420317996719969
21.00011337332616 0.4571894324576739 2.3999999999999995 0.0 26.823861139449452 9.50300024257766 39.06017165790316 0.0 22.969464040429617 11.088764437776737 43.08295679427208 2.13874393E8 0.5469799725907184
22.000113373326172 0.4571894324576739 2.3999999999999995 0.0 26.823861139449452 9.50300024257766 39.06017165790316 0.0 22.969464040429617 11.088764437776737 43.08295679427208 2.13874393E8 0.5469799725907184
23.000113373326187 0.4564928067194039 2.3999999999999995 0.0 28.759432583516904 9.582127224803354 42.62254518567389 0.0 22.994568152852576 11.358899005771557 44.21352346279525 2.13874393E8 0.5543039961950945
24.0001133733262 0.4564928067194039 2.3999999999999995 0.0 28.759432583516904 9.582127224803354 42.62254518567389 0.0 22.994568152852576 11.358899005771557 44.21352346279525 2.13874393E8 0.5543039961950945
25.000113373326215 0.4800404015283014 2.3999999999999995 0.0 27.285092058766775 9.881199246851825 36.38012009722927 0.0 24.43180167046168 11.489851519035804 46.21805419020348 2.13874393E8 0.5638239890466162
26.00011337332623 0.4800404015283014 2.3999999999999995 0.0 27.285092058766775 9.881199246851825 36.38012009722927 0.0 24.43180167046168 11.489851519035804 46.21805419020348 2.13874393E8 0.5638239890466162
27.000113373326244 0.4801249506517353 2.3999999999999995 0.0 27.065932535893765 9.911824266521387 37.6915628878378 0.0 24.357354497229423 11.525836264476611 47.5111929694572 2.13874393E8 0.5681899205535549
28.000113373326258 0.4801249506517353 2.3999999999999995 0.0 27.065932535893765 9.911824266521387 37.6915628878378 0.0 24.357354497229423 11.525836264476611 47.5111929694572 2.13874393E8 0.5681899205535549
29.000113373326272 0.49931519532981944 2.3999999999999995 0.0 41.30626797981627 10.348468122124787 50.03659491492022 0.0 32.58857354059408 11.898429977248846 54.81248472948532 2.13874393E8 0.5718132874088997
30.000113373326286 0.49931519532981944 2.3999999999999995 0.0 41.30626797981627 10.348468122124787 50.03659491492022 0.0 32.58857354059408 11.898429977248846 54.81248472948532 2.13874393E8 0.5718132874088997
31.0001133733263 0.5370202914500667 2.3999999999999995 0.0 32.316431336337175 10.046979479922445 44.73334689365565 0.0 30.717622052000028 12.009721992791409 56.507413527501335 2.13874393E8 0.5787224067821738
32.000113373326315 0.5370202914500667 2.3999999999999995 0.0 32.316431336337175 10.046979479922445 44.73334689365565 0.0 30.717622052000028 12.009721992791409 56.507413527501335 2.13874393E8 0.5787224067821738
33.00011337332633 0.5495657747507169 2.3999999999999995 0.0 28.999481581486467 9.474291564590644 42.87139564040915 0.0 26.920131329240174 12.007978073810083 54.47175176688818 2.13874393E8 0.5843829926858781
34.00011337332634 0.5495657747507169 2.3999999999999995 0.0 28.999481581486467 9.474291564590644 42.87139564040915 0.0 26.920131329240174 12.007978073810083 54.47175176688818 2.13874393E8 0.5843829926858781
35.00011337332636 0.5665145676163365 2.3999999999999995 0.0 30.197180644178474 9.600270156721482 42.012552282055395 0.0 25.697894735711795 12.051505838987747 51.457950671295265 2.13874393E8 0.588054825480405
36.00011337332637 0.5665145676163365 2.3999999999999995 0.0 30.197180644178474 9.600270156721482 42.012552282055395 0.0 25.697894735711795 12.051505838987747 51.457950671295265 2.13874393E8 0.588054825480405
37.000113373326386 0.5939165130903945 2.3999999999999995 0.0 32.55612249744167 10.614392208415081 50.993330981106425 0.0 369.99295662369104 16.570967133110063 1761.935382985451 2.13874393E8 0.5922301664808415
38.0001133733264 0.5939165130903945 2.3999999999999995 0.0 32.55612249744167 10.614392208415081 50.993330981106425 0.0 369.99295662369104 16.570967133110063 1761.935382985451 2.13874393E8 0.5922301664808415
39.000113373326414 0.6079775755956104 2.3999999999999995 0.0 32.11091023638958 10.131473248673768 46.94090046733119 0.0 370.0517537916441 16.573629463465327 1761.920193082157 2.13874393E8 0.5964023685882781
40.00011337332643 0.6079775755956104 2.3999999999999995 0.0 32.11091023638958 10.131473248673768 46.94090046733119 0.0 370.0517537916441 16.573629463465327 1761.920193082157 2.13874393E8 0.5964023685882781
41.00011337332644 0.6159700894849615 2.3999999999999995 0.0 32.37397594970857 10.57155294232494 46.39959889093329 0.0 370.30473684541386 16.826768398655595 1764.2132395081915 2.13874393E8 0.6023612288905329
42.00011337332646 0.6159700894849615 2.3999999999999995 0.0 32.37397594970857 10.57155294232494 46.39959889093329 0.0 370.30473684541386 16.826768398655595 1764.2132395081915 2.13874393E8 0.6023612288905329
43.00011337332647 0.6337048915744337 2.3999999999999995 0.0 33.078645151582535 10.149327610600873 47.95125374657943 0.0 26.24929977186572 11.989052935621425 49.22822624230123 2.13874393E8 0.6055074139221297
44.000113373326485 0.6337048915744337 2.3999999999999995 0.0 33.078645151582535 10.149327610600873 47.95125374657943 0.0 26.24929977186572 11.989052935621425 49.22822624230123 2.13874393E8 0.6055074139221297
45.0001133733265 0.6779996712018658 2.3999999999999995 0.0 32.30512799798397 10.005201041516989 47.95623145686009 0.0 38.114667578157594 12.399545219541066 56.753396986996485 2.13874393E8 0.6084267502035563
46.00011337332651 0.6779996712018658 2.3999999999999995 0.0 32.30512799798397 10.005201041516989 47.95623145686009 0.0 38.114667578157594 12.399545219541066 56.753396986996485 2.13874393E8 0.6084267502035563
47.00011337332653 0.69042189477149 2.3999999999999995 0.0 32.85919797626238 9.821360712761887 47.04993736292667 0.0 26.542351087127376 12.368684000657892 51.208083790541984 2.13874393E8 0.6144537590843904
48.00011337332654 0.69042189477149 2.3999999999999995 0.0 32.85919797626238 9.821360712761887 47.04993736292667 0.0 26.542351087127376 12.368684000657892 51.208083790541984 2.13874393E8 0.6144537590843904
49.000113373326556 0.7326861726754851 2.3999999999999995 0.0 32.56261183044907 9.751605539937383 50.16423334456562 0.0 33.10585039682675 12.619238635701068 53.68192273273788 2.13874393E8 0.6128785879299659
50.00011337332657 0.7326861726754851 2.3999999999999995 0.0 32.56261183044907 9.751605539937383 50.16423334456562 0.0 33.10585039682675 12.619238635701068 53.68192273273788 2.13874393E8 0.6128785879299659
51.000113373326585 0.7319401248220297 2.3999999999999995 0.0 32.25637098450267 9.532197254871377 48.347472107384895 0.0 32.96076277534947 12.63683553358309 54.80082132614599 2.13874393E8 0.6200064860824329
52.0001133733266 0.7319401248220297 2.3999999999999995 0.0 32.25637098450267 9.532197254871377 48.347472107384895 0.0 32.96076277534947 12.63683553358309 54.80082132614599 2.13874393E8 0.6200064860824329
53.00011337332661 0.7771419790914835 2.3999999999999995 0.0 30.368447967097215 9.93128874475366 48.219079360665546 0.0 35.25418198919545 12.73117457360909 58.01546640687162 2.13874393E8 0.6205877406723014
54.00011337332663 0.7771419790914835 2.3999999999999995 0.0 30.368447967097215 9.93128874475366 48.219079360665546 0.0 35.25418198919545 12.73117457360909 58.01546640687162 2.13874393E8 0.6205877406723014
55.00011337332664 0.8070609693555708 2.3999999999999995 0.0 32.27630747746885 9.949740283912059 46.34887458574577 0.0 371.06987797725424 17.555838881262734 1765.5132471456084 2.13874393E8 0.6263778156140185
56.000113373326656 0.8070609693555708 2.3999999999999995 0.0 32.27630747746885 9.949740283912059 46.34887458574577 0.0 371.06987797725424 17.555838881262734 1765.5132471456084 2.13874393E8 0.6263778156140185
57.00011337332667 0.8382958635117177 2.3999999999999995 0.0 32.16829820175761 9.35012207319279 46.03097315710489 0.0 370.45543573726286 17.248367088486745 1759.9545723735346 2.13874393E8 0.6304671673322789
58.000113373326684 0.8382958635117177 2.3999999999999995 0.0 32.16829820175761 9.35012207319279 46.03097315710489 0.0 370.45543573726286 17.248367088486745 1759.9545723735346 2.13874393E8 0.6304671673322789
59.0001133733267 1.2394405003398754 3.359999999999999 0.0 34.24126813875173 9.383338416423317 58.598584161588846 0.0 39.99905552774463 12.726037757790621 58.25914752688035 1.11321773E8 0.6238461434928113
60.00011337332671 1.2394405003398754 3.359999999999999 0.0 34.24126813875173 9.383338416423317 58.598584161588846 0.0 39.99905552774463 12.726037757790621 58.25914752688035 1.11321773E8 0.6238461434928113
61.00011337332673 1.2851308409768276 3.359999999999999 0.0 24.53135341006531 10.38264858636205 27.68221833489394 0.0 21.643194506625832 8.544382756834352 30.004873650952007 1.11321773E8 0.6284177025570765
62.00011337332674 1.2851308409768276 3.359999999999999 0.0 24.53135341006531 10.38264858636205 27.68221833489394 0.0 21.643194506625832 8.544382756834352 30.004873650952007 1.11321773E8 0.6284177025570765
63.000113373326755 1.3101618677354965 3.359999999999999 0.0 23.791482323984514 10.65900184838617 25.650137656635877 0.0 22.137766307013166 8.683081346238056 30.738035130496396 1.11321773E8 0.6318642411393329
64.00011337332677 1.3101618677354965 3.359999999999999 0.0 23.791482323984514 10.65900184838617 25.650137656635877 0.0 22.137766307013166 8.683081346238056 30.738035130496396 1.11321773E8 0.6318642411393329
65.00011337332671 1.3238739142348435 3.359999999999999 0.0 26.875908299185863 10.739487082992271 29.85828114139154 0.0 23.861117944787964 8.889363777064714 33.534092951491075 1.11321773E8 0.6333175250091699
66.00011337332666 1.3238739142348435 3.359999999999999 0.0 26.875908299185863 10.739487082992271 29.85828114139154 0.0 23.861117944787964 8.889363777064714 33.534092951491075 1.11321773E8 0.6333175250091699
67.0001133733266 1.3527635036190182 3.359999999999999 0.0 26.672308563699847 10.9450513247897 32.607214567149214 0.0 23.23665618418728 9.001560738249905 34.68872356305174 1.11321773E8 0.6357324488999845
68.00011337332654 1.3527635036190182 3.359999999999999 0.0 26.672308563699847 10.9450513247897 32.607214567149214 0.0 23.23665618418728 9.001560738249905 34.68872356305174 1.11321773E8 0.6357324488999845
69.00011337332649 1.427173760523336 3.359999999999999 0.0 26.34056058356593 10.816167549438333 28.843970134903582 0.0 22.67661831032321 9.162627841750316 32.63774893851383 1.11321773E8 0.6330139063279543
70.00011337332643 1.427173760523336 3.359999999999999 0.0 26.34056058356593 10.816167549438333 28.843970134903582 0.0 22.67661831032321 9.162627841750316 32.63774893851383 1.11321773E8 0.6330139063279543
71.00011337332637 1.4408912275296117 3.359999999999999 0.0 25.627901066848548 11.217075425305834 28.435253631024647 0.0 20.880390031460315 9.149340854474124 32.99979252870525 1.11321773E8 0.6353448916988684
72.00011337332631 1.4408912275296117 3.359999999999999 0.0 25.627901066848548 11.217075425305834 28.435253631024647 0.0 20.880390031460315 9.149340854474124 32.99979252870525 1.11321773E8 0.6353448916988684
73.00011337332626 1.5279190931827302 3.359999999999999 0.0 23.286505204460376 11.136311147011181 25.718500172557842 0.0 20.116418417898707 9.363128660684195 34.18356150250779 1.11321773E8 0.6309664873114765
74.0001133733262 1.5279190931827302 3.359999999999999 0.0 23.286505204460376 11.136311147011181 25.718500172557842 0.0 20.116418417898707 9.363128660684195 34.18356150250779 1.11321773E8 0.6309664873114765
75.00011337332614 1.574952832534802 3.359999999999999 0.0 24.966059722091 11.1572727233286 28.123256303378877 0.0 19.632965306436972 9.290913723870643 32.752101873387154 1.11321773E8 0.6322995843751851
76.00011337332609 1.574952832534802 3.359999999999999 0.0 24.966059722091 11.1572727233286 28.123256303378877 0.0 19.632965306436972 9.290913723870643 32.752101873387154 1.11321773E8 0.6322995843751851
77.00011337332603 1.5949877147061295 3.359999999999999 0.0 26.692662966858716 11.536309846456467 31.3641903841146 0.0 21.88734531715908 9.647538259902932 36.974308353954015 1.11321773E8 0.6331967373593004
78.00011337332597 1.5949877147061295 3.359999999999999 0.0 26.692662966858716 11.536309846456467 31.3641903841146 0.0 21.88734531715908 9.647538259902932 36.974308353954015 1.11321773E8 0.6331967373593004
79.00011337332592 1.6332709235497016 3.359999999999999 0.0 31.689776367939885 11.910589714618474 35.17772699317845 0.0 23.250290485414865 9.61393492282634 38.62657055295398 1.11321773E8 0.6343675532146197
80.00011337332586 1.6332709235497016 3.359999999999999 0.0 31.689776367939885 11.910589714618474 35.17772699317845 0.0 23.250290485414865 9.61393492282634 38.62657055295398 1.11321773E8 0.6343675532146197
81.0001133733258 1.6985339100041867 3.359999999999999 0.0 33.82432118925087 12.221435988061618 37.29551883143355 0.0 22.791324770011826 9.566973102019945 39.297945066169234 1.11321773E8 0.6302624967510506
82.00011337332575 1.6985339100041867 3.359999999999999 0.0 33.82432118925087 12.221435988061618 37.29551883143355 0.0 22.791324770011826 9.566973102019945 39.297945066169234 1.11321773E8 0.6302624967510506
83.00011337332569 1.7112621669631691 3.359999999999999 0.0 32.495310403230214 11.812957190527394 34.255287566539415 0.0 23.068494000893065 9.285819402816498 36.472648095918935 1.11321773E8 0.630550992810179
84.00011337332563 1.7112621669631691 3.359999999999999 0.0 32.495310403230214 11.812957190527394 34.255287566539415 0.0 23.068494000893065 9.285819402816498 36.472648095918935 1.11321773E8 0.630550992810179
85.00011337332558 1.8012563022314239 3.359999999999999 0.0 32.332577732817974 12.144310697323482 37.55349153895559 0.0 22.74426707248953 9.531534825172386 41.445063760165276 1.11321773E8 0.6243001250797686
86.00011337332552 1.8012563022314239 3.359999999999999 0.0 32.332577732817974 12.144310697323482 37.55349153895559 0.0 22.74426707248953 9.531534825172386 41.445063760165276 1.11321773E8 0.6243001250797686
87.00011337332546 1.7920319813340007 3.359999999999999 0.0 28.042078525415445 11.909739744659298 34.5475580145952 0.0 21.278539126389532 9.463439251630883 38.20124396584654 1.11321773E8 0.6286714247581253
88.0001133733254 1.7920319813340007 3.359999999999999 0.0 28.042078525415445 11.909739744659298 34.5475580145952 0.0 21.278539126389532 9.463439251630883 38.20124396584654 1.11321773E8 0.6286714247581253
89.00011337332535 1.8964279755730433 3.359999999999999 0.0 26.48920353734905 11.183893493355452 35.04111280471206 0.0 21.674500327044072 9.346114681950775 37.94476491934955 1.11321773E8 0.6223135039203441
90.00011337332529 1.8964279755730433 3.359999999999999 0.0 26.48920353734905 11.183893493355452 35.04111280471206 0.0 21.674500327044072 9.346114681950775 37.94476491934955 1.11321773E8 0.6223135039203441
91.00011337332523 1.9619195784267125 3.359999999999999 0.0 24.784003688982565 11.122755676002376 31.81567408031238 0.0 22.094044261055476 9.453269029753303 37.35177278385395 1.11321773E8 0.6212094712713276
92.00011337332518 1.9619195784267125 3.359999999999999 0.0 24.784003688982565 11.122755676002376 31.81567408031238 0.0 22.094044261055476 9.453269029753303 37.35177278385395 1.11321773E8 0.6212094712713276
93.00011337332512 1.9517244112214407 3.359999999999999 0.0 25.87363500507243 10.737072014510975 33.50051137913233 0.0 22.188730050077098 9.485342938057286 37.27935609561012 1.11321773E8 0.6226115948655617
94.00011337332506 1.9517244112214407 3.359999999999999 0.0 25.87363500507243 10.737072014510975 33.50051137913233 0.0 22.188730050077098 9.485342938057286 37.27935609561012 1.11321773E8 0.6226115948655617
95.00011337332501 2.0631701115594856 3.359999999999999 0.0 25.80394334091208 11.10529775025179 37.403558024999775 0.0 21.896636995719245 9.663020894308072 39.07104810799451 1.11321773E8 0.6124520434784048
96.00011337332495 2.0631701115594856 3.359999999999999 0.0 25.80394334091208 11.10529775025179 37.403558024999775 0.0 21.896636995719245 9.663020894308072 39.07104810799451 1.11321773E8 0.6124520434784048
97.0001133733249 2.0812814284364034 3.359999999999999 0.0 28.840214537462927 11.093626715772965 43.60736439452282 0.0 22.98183071534938 9.476591689343797 41.29059171141325 1.11321773E8 0.6135671346345519
98.00011337332484 2.0812814284364034 3.359999999999999 0.0 28.840214537462927 11.093626715772965 43.60736439452282 0.0 22.98183071534938 9.476591689343797 41.29059171141325 1.11321773E8 0.6135671346345519
99.00011337332478 2.1382317449483046 3.359999999999999 0.0 26.323315993051153 11.320630665499182 40.72332973098639 0.0 24.568480036373817 9.507714316472189 41.89985826807514 1.11321773E8 0.6108456356898416
100.00011337332472 2.1382317449483046 3.359999999999999 0.0 26.323315993051153 11.320630665499182 40.72332973098639 0.0 24.568480036373817 9.507714316472189 41.89985826807514 1.11321773E8 0.6108456356898416
101.00011337332467 2.246473675778965 3.359999999999999 0.0 30.905831404065687 11.45914603229187 46.73683696776749 0.0 28.418558880154382 9.807295356716835 45.89888509698618 1.11321773E8 0.6052509810928183
102.00011337332461 2.246473675778965 3.359999999999999 0.0 30.905831404065687 11.45914603229187 46.73683696776749 0.0 28.418558880154382 9.807295356716835 45.89888509698618 1.11321773E8 0.6052509810928183
103.00011337332455 2.28554757352959 3.359999999999999 0.0 30.857918626213753 12.12506485775962 44.15121252683309 0.0 29.29106665051226 9.889246543465843 45.03526868389763 1.11321773E8 0.6004982683878185
104.0001133733245 2.28554757352959 3.359999999999999 0.0 30.857918626213753 12.12506485775962 44.15121252683309 0.0 29.29106665051226 9.889246543465843 45.03526868389763 1.11321773E8 0.6004982683878185
105.00011337332444 2.343465859561055 3.359999999999999 0.0 32.52514157269646 12.040616549017699 45.67772246926286 0.0 30.573241161309127 10.131487220752472 45.99391050947717 1.11321773E8 0.5973366692761793
106.00011337332438 2.343465859561055 3.359999999999999 0.0 32.52514157269646 12.040616549017699 45.67772246926286 0.0 30.573241161309127 10.131487220752472 45.99391050947717 1.11321773E8 0.5973366692761793
107.00011337332433 2.3288966771109254 3.359999999999999 0.0 34.8086122281251 12.221881551644397 50.107952350843654 0.0 31.045483477922904 10.151153896110612 47.90918685558699 1.11321773E8 0.5942771397637293
108.00011337332427 2.3288966771109254 3.359999999999999 0.0 34.8086122281251 12.221881551644397 50.107952350843654 0.0 31.045483477922904 10.151153896110612 47.90918685558699 1.11321773E8 0.5942771397637293
109.00011337332421 2.417668086655273 3.359999999999999 0.0 35.81224919162834 11.922085761675676 56.345661235542515 0.0 30.893641942353614 9.99405165288931 48.1910865793083 1.11321773E8 0.5900202095536399
110.00011337332415 2.417668086655273 3.359999999999999 0.0 35.81224919162834 11.922085761675676 56.345661235542515 0.0 30.893641942353614 9.99405165288931 48.1910865793083 1.11321773E8 0.5900202095536399
111.0001133733241 2.481748592836431 3.359999999999999 0.0 32.58538266821338 12.380029736722602 51.278973242551096 0.0 29.50448429643123 10.306243198765811 53.82981909648033 1.11321773E8 0.5870702799117457
112.00011337332404 2.481748592836431 3.359999999999999 0.0 32.58538266821338 12.380029736722602 51.278973242551096 0.0 29.50448429643123 10.306243198765811 53.82981909648033 1.11321773E8 0.5870702799117457
113.00011337332398 2.5494805782782426 3.359999999999999 0.0 34.53025081281806 12.719526747743126 49.78332390818446 0.0 30.411475010024017 10.393226724567779 56.106504720639066 1.11321773E8 0.578224426991501
114.00011337332393 2.5494805782782426 3.359999999999999 0.0 34.53025081281806 12.719526747743126 49.78332390818446 0.0 30.411475010024017 10.393226724567779 56.106504720639066 1.11321773E8 0.578224426991501
115.00011337332387 2.6640303881064256 3.359999999999999 0.0 33.177822202337985 13.263602630274448 53.323394750523235 0.0 28.44176404344172 10.654319618047055 58.06048793814918 1.11321773E8 0.570146449497978
116.00011337332381 2.6640303881064256 3.359999999999999 0.0 33.177822202337985 13.263602630274448 53.323394750523235 0.0 28.44176404344172 10.654319618047055 58.06048793814918 1.11321773E8 0.570146449497978
117.00011337332376 2.6869596635437705 3.359999999999999 0.0 32.75547973185609 13.642655692394658 55.748312426164816 0.0 34.36224495262952 10.858611922187306 65.94256651057978 1.11321773E8 0.5663155559746965
118.0001133733237 2.6869596635437705 3.359999999999999 0.0 32.75547973185609 13.642655692394658 55.748312426164816 0.0 34.36224495262952 10.858611922187306 65.94256651057978 1.11321773E8 0.5663155559746965
119.00011337332364 0.48471656791963447 2.52 0.0 33.31409866040139 13.029858837629043 53.46074339129389 0.0 26.422492634477162 10.484355831902972 55.47643500616298 7.8959239E7 0.5597510866250037
120.00011337332359 0.48471656791963447 2.52 0.0 33.31409866040139 13.029858837629043 53.46074339129389 0.0 26.422492634477162 10.484355831902972 55.47643500616298 7.8959239E7 0.5597510866250037
121.00011337332353 0.4646199517330085 2.52 0.0 25.43931274844822 11.279356012569863 39.335871959059375 0.0 26.383438092293385 11.267484279564727 44.32396278821698 7.8959239E7 0.5516702904466572
122.00011337332347 0.4646199517330085 2.52 0.0 25.43931274844822 11.279356012569863 39.335871959059375 0.0 26.383438092293385 11.267484279564727 44.32396278821698 7.8959239E7 0.5516702904466572
123.00011337332342 0.46374267728594837 2.52 0.0 29.053751276726246 12.339049152476596 42.630210152247436 0.0 26.743125963127344 11.576262746847766 49.23239148355744 7.8959239E7 0.5487230092950793
124.00011337332336 0.46374267728594837 2.52 0.0 29.053751276726246 12.339049152476596 42.630210152247436 0.0 26.743125963127344 11.576262746847766 49.23239148355744 7.8959239E7 0.5487230092950793
125.0001133733233 0.4501639848183676 2.52 0.0 30.535472969747378 12.929013758776804 49.684555405117045 0.0 28.108022986580817 11.858342367679045 55.879537473351235 7.8959239E7 0.5364657762577176
126.00011337332325 0.4501639848183676 2.52 0.0 30.535472969747378 12.929013758776804 49.684555405117045 0.0 28.108022986580817 11.858342367679045 55.879537473351235 7.8959239E7 0.5364657762577176
127.00011337332319 0.43222836431128203 2.52 0.0 32.07054695803899 12.609719150546228 45.56022806144056 0.0 28.107788790354515 11.90644197223743 56.59159660363919 7.8959239E7 0.5335704144356636
128.00011337332313 0.43222836431128203 2.52 0.0 32.07054695803899 12.609719150546228 45.56022806144056 0.0 28.107788790354515 11.90644197223743 56.59159660363919 7.8959239E7 0.5335704144356636
129.00011337332307 0.42667705039581344 2.52 0.0 32.72890660281792 12.747019665363311 53.29002527935767 0.0 28.744122596555002 12.045059542436805 58.44953237056645 7.8959239E7 0.5276689653100562
130.00011337332302 0.42667705039581344 2.52 0.0 32.72890660281792 12.747019665363311 53.29002527935767 0.0 28.744122596555002 12.045059542436805 58.44953237056645 7.8959239E7 0.5276689653100562
131.00011337332296 0.41996323647310096 2.52 0.0 32.753520867037516 11.570667660513735 43.87945422936578 0.0 28.418013864060168 11.435532787976692 46.760021986254245 7.8959239E7 0.5171434870080632
132.0001133733229 0.41996323647310096 2.52 0.0 32.753520867037516 11.570667660513735 43.87945422936578 0.0 28.418013864060168 11.435532787976692 46.760021986254245 7.8959239E7 0.5171434870080632
133.00011337332285 0.41155908830624394 2.52 0.0 33.954310944960966 11.403933595443366 48.44510700516818 0.0 27.986652132216392 11.328777956387354 48.411955052086604 7.8959239E7 0.5071821879151945
134.0001133733228 0.41155908830624394 2.52 0.0 33.954310944960966 11.403933595443366 48.44510700516818 0.0 27.986652132216392 11.328777956387354 48.411955052086604 7.8959239E7 0.5071821879151945
135.00011337332273 0.40510805800294036 2.52 0.0 32.74514095293973 11.359105349457282 50.451135387253125 0.0 27.793308223276664 11.390326088595499 49.86692448261375 7.8959239E7 0.503436718345066
136.00011337332268 0.40510805800294036 2.52 0.0 32.74514095293973 11.359105349457282 50.451135387253125 0.0 27.793308223276664 11.390326088595499 49.86692448261375 7.8959239E7 0.503436718345066
137.00011337332262 0.40135029529772775 2.52 0.0 33.47483190479286 11.183086632588036 51.86698999076391 0.0 28.119026575308784 11.271200354653757 50.17802379791973 7.8959239E7 0.49244588441836673
138.00011337332256 0.40135029529772775 2.52 0.0 33.47483190479286 11.183086632588036 51.86698999076391 0.0 28.119026575308784 11.271200354653757 50.17802379791973 7.8959239E7 0.49244588441836673
139.0001133733225 0.3954392154708704 2.52 0.0 33.30946530199863 11.628148544132983 51.465272155337935 0.0 28.59167636244186 11.325082200334355 49.96101656384149 7.8959239E7 0.4830174112475476
140.00011337332245 0.3954392154708704 2.52 0.0 33.30946530199863 11.628148544132983 51.465272155337935 0.0 28.59167636244186 11.325082200334355 49.96101656384149 7.8959239E7 0.4830174112475476
141.0001133733224 0.3954330145009086 2.52 0.0 32.38645976544178 11.76066653573882 54.13547970175609 0.0 28.92272881036514 11.255722327324193 48.840481473862425 7.8959239E7 0.4759162957499589
142.00011337332234 0.3954330145009086 2.52 0.0 32.38645976544178 11.76066653573882 54.13547970175609 0.0 28.92272881036514 11.255722327324193 48.840481473862425 7.8959239E7 0.4759162957499589
143.00011337332228 0.3927380288645607 2.52 0.0 34.25902821804013 11.77950280069964 53.426467025174446 0.0 30.66135374400074 11.339160546454652 49.975044177159724 7.8959239E7 0.47221242544454456
144.00011337332222 0.3927380288645607 2.52 0.0 34.25902821804013 11.77950280069964 53.426467025174446 0.0 30.66135374400074 11.339160546454652 49.975044177159724 7.8959239E7 0.47221242544454456
145.00011337332216 0.39141049894769103 2.52 0.0 32.809466288094825 11.776097630573496 55.30082594847186 0.0 29.223999460168447 11.350544033751788 50.01379535545845 7.8959239E7 0.4661119378128548
146.0001133733221 0.39141049894769103 2.52 0.0 32.809466288094825 11.776097630573496 55.30082594847186 0.0 29.223999460168447 11.350544033751788 50.01379535545845 7.8959239E7 0.4661119378128548
147.00011337332205 0.3930260239408613 2.52 0.0 35.959610047758616 12.453673503049155 57.44924518788824 0.0 30.73956777868233 11.766632951031422 56.01243639804078 7.8959239E7 0.47053857220522083
148.000113373322 0.3930260239408613 2.52 0.0 35.959610047758616 12.453673503049155 57.44924518788824 0.0 30.73956777868233 11.766632951031422 56.01243639804078 7.8959239E7 0.47053857220522083
149.00011337332194 0.39514105466896576 2.52 0.0 32.78080671180073 12.418246503987202 57.52299215439257 0.0 30.046806719493873 11.950297374264384 56.20110237579691 7.8959239E7 0.4721595468447205
150.00011337332188 0.39514105466896576 2.52 0.0 32.78080671180073 12.418246503987202 57.52299215439257 0.0 30.046806719493873 11.950297374264384 56.20110237579691 7.8959239E7 0.4721595468447205
151.00011337332182 0.3950174751680653 2.52 0.0 34.551657015766395 11.858123902619754 55.02361659065076 0.0 30.226001983711512 12.098275126777493 57.759867598407084 7.8959239E7 0.4766812010225266
152.00011337332177 0.3950174751680653 2.52 0.0 34.551657015766395 11.858123902619754 55.02361659065076 0.0 30.226001983711512 12.098275126777493 57.759867598407084 7.8959239E7 0.4766812010225266
153.0001133733217 0.39911948517878243 2.52 0.0 34.33043141150967 12.147262163486177 55.27329939227717 0.0 30.916749243793333 11.988842341513855 58.222622410258985 7.8959239E7 0.4855720297586375
154.00011337332165 0.39911948517878243 2.52 0.0 34.33043141150967 12.147262163486177 55.27329939227717 0.0 30.916749243793333 11.988842341513855 58.222622410258985 7.8959239E7 0.4855720297586375
155.0001133733216 0.40495059541711736 2.52 0.0 36.601560353376954 13.062967156129433 59.010985252782454 0.0 31.29427892140832 12.377726127882497 70.35307237772926 7.8959239E7 0.4968295889767109
156.00011337332154 0.40495059541711736 2.52 0.0 36.601560353376954 13.062967156129433 59.010985252782454 0.0 31.29427892140832 12.377726127882497 70.35307237772926 7.8959239E7 0.4968295889767109
157.00011337332148 0.41020397594978325 2.52 0.0 37.73218719540036 13.655801636224613 63.46101632347697 0.0 33.94621329383875 12.510487963282513 70.93945036462597 7.8959239E7 0.5010046163301926
158.00011337332143 0.41020397594978325 2.52 0.0 37.73218719540036 13.655801636224613 63.46101632347697 0.0 33.94621329383875 12.510487963282513 70.93945036462597 7.8959239E7 0.5010046163301926
159.00011337332137 0.4163387338095769 2.52 0.0 38.06708738336877 13.626598134975987 63.20416326690351 0.0 35.080897417136065 12.559840732358044 71.69945507486533 7.8959239E7 0.5138384684793831
160.0001133733213 0.4163387338095769 2.52 0.0 38.06708738336877 13.626598134975987 63.20416326690351 0.0 35.080897417136065 12.559840732358044 71.69945507486533 7.8959239E7 0.5138384684793831
161.00011337332126 0.4197391127748022 2.52 0.0 44.98538786335311 13.97601275653187 72.07195017895465 0.0 40.15182754531983 12.729509867635102 75.88762140473676 7.8959239E7 0.5182688516362356
162.0001133733212 0.4197391127748022 2.52 0.0 44.98538786335311 13.97601275653187 72.07195017895465 0.0 40.15182754531983 12.729509867635102 75.88762140473676 7.8959239E7 0.5182688516362356
163.00011337332114 0.4254237345587333 2.52 0.0 38.13888503583336 13.88174915684936 64.91440308450338 0.0 32.27339317550243 12.713347051590418 70.19743685619703 7.8959239E7 0.5294484629086805
164.00011337332108 0.4254237345587333 2.52 0.0 38.13888503583336 13.88174915684936 64.91440308450338 0.0 32.27339317550243 12.713347051590418 70.19743685619703 7.8959239E7 0.5294484629086805
165.00011337332103 0.4450903002206476 2.52 0.0 39.91617690850003 13.755082066076978 66.99361565787834 0.0 32.743299852436145 12.675303490927991 71.18015641715331 7.8959239E7 0.5335265192893972
166.00011337332097 0.4450903002206476 2.52 0.0 39.91617690850003 13.755082066076978 66.99361565787834 0.0 32.743299852436145 12.675303490927991 71.18015641715331 7.8959239E7 0.5335265192893972
167.00011337332091 0.45650234060607564 2.52 0.0 48.20122445343189 13.11273704989612 78.95233442984919 0.0 40.62311438144855 12.490774700613798 69.68355928724128 7.8959239E7 0.5402754990882135
168.00011337332086 0.45650234060607564 2.52 0.0 48.20122445343189 13.11273704989612 78.95233442984919 0.0 40.62311438144855 12.490774700613798 69.68355928724128 7.8959239E7 0.5402754990882135
169.0001133733208 0.45532824754451023 2.52 0.0 44.285780582372126 12.472197676855064 71.60809444263963 0.0 38.94113328735007 12.698982150295334 74.22078214493635 7.8959239E7 0.5513810167926579
170.00011337332074 0.45532824754451023 2.52 0.0 44.285780582372126 12.472197676855064 71.60809444263963 0.0 38.94113328735007 12.698982150295334 74.22078214493635 7.8959239E7 0.5513810167926579
171.0001133733207 0.4788553612013709 2.52 0.0 44.55756722583771 12.838556772633257 71.15368158820655 0.0 413.1322233913372 17.753862171192537 2206.461650481095 7.8959239E7 0.5528915197059924
172.00011337332063 0.4788553612013709 2.52 0.0 44.55756722583771 12.838556772633257 71.15368158820655 0.0 413.1322233913372 17.753862171192537 2206.461650481095 7.8959239E7 0.5528915197059924
173.00011337332057 0.48798552168238307 2.52 0.0 46.70231717513026 12.696178937709597 72.26840483048042 0.0 413.35175974106164 17.831189934053423 2206.130615632738 7.8959239E7 0.5646282493522762
174.00011337332052 0.48798552168238307 2.52 0.0 46.70231717513026 12.696178937709597 72.26840483048042 0.0 413.35175974106164 17.831189934053423 2206.130615632738 7.8959239E7 0.5646282493522762
175.00011337332046 0.5042083550924916 2.52 0.0 45.003633726751666 12.973207240838926 75.60384524938996 0.0 411.49546884461625 17.865099008544334 2185.7743091331013 7.8959239E7 0.571011324948565
176.0001133733204 0.5042083550924916 2.52 0.0 45.003633726751666 12.973207240838926 75.60384524938996 0.0 411.49546884461625 17.865099008544334 2185.7743091331013 7.8959239E7 0.571011324948565
177.00011337332035 0.5174295088735357 2.52 0.0 44.38729443699356 12.279893295160628 78.14761520984271 0.0 36.463102183358856 12.913627981863836 71.42461947103982 7.8959239E7 0.5724923804487855
178.0001133733203 0.5174295088735357 2.52 0.0 44.38729443699356 12.279893295160628 78.14761520984271 0.0 36.463102183358856 12.913627981863836 71.42461947103982 7.8959239E7 0.5724923804487855
179.00011337332023 0.5569655386372884 2.6399999999999997 0.0 44.544915000030706 12.107950812750184 85.3912548043763 0.0 38.32175752360566 12.858065418882392 72.96236408070767 6.3019942E7 0.5801003659025507
180.00011337332018 0.5569655386372884 2.6399999999999997 0.0 44.544915000030706 12.107950812750184 85.3912548043763 0.0 38.32175752360566 12.858065418882392 72.96236408070767 6.3019942E7 0.5801003659025507
181.00011337332012 0.5757412031107791 2.6399999999999997 0.0 33.98886095950533 10.55406198064622 63.857249825393886 0.0 24.157597935633344 12.274343393289383 42.683059946102404 6.3019942E7 0.5840376360844383
182.00011337332006 0.5757412031107791 2.6399999999999997 0.0 33.98886095950533 10.55406198064622 63.857249825393886 0.0 24.157597935633344 12.274343393289383 42.683059946102404 6.3019942E7 0.5840376360844383
183.00011337332 0.5879859178872655 2.6399999999999997 0.0 34.381623926375774 10.745032191616106 66.15786088023195 0.0 40.23774633052506 12.406734446780897 51.542853689677074 6.3019942E7 0.5875550965464171
184.00011337331995 0.5879859178872655 2.6399999999999997 0.0 34.381623926375774 10.745032191616106 66.15786088023195 0.0 40.23774633052506 12.406734446780897 51.542853689677074 6.3019942E7 0.5875550965464171
185.0001133733199 0.5988940633791928 2.6399999999999997 0.0 30.141819066539238 10.800184828597011 63.01234084555478 0.0 39.443493678066915 12.469887732278062 50.96791903832535 6.3019942E7 0.593184588419732
186.00011337331983 0.5988940633791928 2.6399999999999997 0.0 30.141819066539238 10.800184828597011 63.01234084555478 0.0 39.443493678066915 12.469887732278062 50.96791903832535 6.3019942E7 0.593184588419732
187.00011337331978 0.658792274997305 2.6399999999999997 0.0 33.77051953374433 11.277528248103135 71.74101740533112 0.0 413.6654722313433 22.523384159318937 4156.437314798564 6.3019942E7 0.5960100788295005
188.00011337331972 0.658792274997305 2.6399999999999997 0.0 33.77051953374433 11.277528248103135 71.74101740533112 0.0 413.6654722313433 22.523384159318937 4156.437314798564 6.3019942E7 0.5960100788295005
189.00011337331966 0.6678190123468823 2.6399999999999997 0.0 33.40381870062734 11.134875280093713 72.8665734964309 0.0 415.1747154937222 22.59441655926967 4179.18532441174 6.3019942E7 0.6065957838362237
190.0001133733196 0.6678190123468823 2.6399999999999997 0.0 33.40381870062734 11.134875280093713 72.8665734964309 0.0 415.1747154937222 22.59441655926967 4179.18532441174 6.3019942E7 0.6065957838362237
191.00011337331955 0.6863384843270115 2.6399999999999997 0.0 33.03713140840433 11.117278458639346 68.12632318792794 0.0 415.35879583479965 26.879898041604292 5599.205911303099 6.3019942E7 0.6062503104072061
192.0001133733195 0.6863384843270115 2.6399999999999997 0.0 33.03713140840433 11.117278458639346 68.12632318792794 0.0 415.35879583479965 26.879898041604292 5599.205911303099 6.3019942E7 0.6062503104072061
193.00011337331944 0.7024990339841238 2.6399999999999997 0.0 34.714538615834236 11.654846386719896 67.98602527096506 0.0 416.1430278956016 26.959210952727922 5608.918738254033 6.3019942E7 0.612200678894911
194.00011337331938 0.7024990339841238 2.6399999999999997 0.0 34.714538615834236 11.654846386719896 67.98602527096506 0.0 416.1430278956016 26.959210952727922 5608.918738254033 6.3019942E7 0.612200678894911
195.00011337331932 0.7182306561448761 2.6399999999999997 0.0 32.39127234235047 11.51438205516356 70.41095944186274 0.0 415.39112255137917 27.056293748845142 5597.78721602549 6.3019942E7 0.6132104247666935
196.00011337331927 0.7182306561448761 2.6399999999999997 0.0 32.39127234235047 11.51438205516356 70.41095944186274 0.0 415.39112255137917 27.056293748845142 5597.78721602549 6.3019942E7 0.6132104247666935
197.0001133733192 0.769548004642872 2.6399999999999997 0.0 32.32611183619591 11.250105240446665 63.15511471089936 0.0 414.61930935804384 26.993679879250898 5597.259655935828 6.3019942E7 0.6199250630453255
198.00011337331915 0.769548004642872 2.6399999999999997 0.0 32.32611183619591 11.250105240446665 63.15511471089936 0.0 414.61930935804384 26.993679879250898 5597.259655935828 6.3019942E7 0.6199250630453255
199.0001133733191 0.8068473698234367 2.6399999999999997 0.0 33.58826883652201 11.775042776585924 69.35141553245812 0.0 349.96134741706175 17.12044637333059 1575.799780641578 6.3019942E7 0.6211502142205244
200.00011337331904 0.8068473698234367 2.6399999999999997 0.0 33.58826883652201 11.775042776585924 69.35141553245812 0.0 349.96134741706175 17.12044637333059 1575.799780641578 6.3019942E7 0.6211502142205244
201.00011337331898 0.8097033228383208 2.6399999999999997 0.0 35.10822906222977 10.84399982258723 61.829437158032775 0.0 414.25844613347164 27.02513253285279 5598.638731058332 6.3019942E7 0.619766598201952
202.00011337331892 0.8097033228383208 2.6399999999999997 0.0 35.10822906222977 10.84399982258723 61.829437158032775 0.0 414.25844613347164 27.02513253285279 5598.638731058332 6.3019942E7 0.619766598201952
203.00011337331887 0.8248293149951104 2.6399999999999997 0.0 36.78507153961105 10.896946196729774 66.49793574271456 0.0 414.82729441059445 27.078038710615292 5621.644504085089 6.3019942E7 0.6260070275630207
204.0001133733188 0.8248293149951104 2.6399999999999997 0.0 36.78507153961105 10.896946196729774 66.49793574271456 0.0 414.82729441059445 27.078038710615292 5621.644504085089 6.3019942E7 0.6260070275630207
205.00011337331875 0.8679114220256656 2.6399999999999997 0.0 35.27099394473115 11.253889488436881 67.40121958332723 0.0 415.38506312796716 27.161195274285483 5632.777983980781 6.3019942E7 0.6254779714781182
206.0001133733187 0.8679114220256656 2.6399999999999997 0.0 35.27099394473115 11.253889488436881 67.40121958332723 0.0 415.38506312796716 27.161195274285483 5632.777983980781 6.3019942E7 0.6254779714781182
207.00011337331864 0.8918682386601744 2.6399999999999997 0.0 36.52892215796254 11.01943621877388 66.86635525780945 0.0 350.7700048602747 17.199076764797294 1583.414635798467 6.3019942E7 0.6287229665930831
208.00011337331858 0.8918682386601744 2.6399999999999997 0.0 36.52892215796254 11.01943621877388 66.86635525780945 0.0 350.7700048602747 17.199076764797294 1583.414635798467 6.3019942E7 0.6287229665930831
209.00011337331853 0.9317353607013448 2.6399999999999997 0.0 36.08756197405662 11.704782765758466 62.31212889698875 0.0 350.44290186200186 17.325418004459355 1580.2630866081772 6.3019942E7 0.6324116516891513
210.00011337331847 0.9317353607013448 2.6399999999999997 0.0 36.08756197405662 11.704782765758466 62.31212889698875 0.0 350.44290186200186 17.325418004459355 1580.2630866081772 6.3019942E7 0.6324116516891513
211.0001133733184 0.9797348480907222 2.6399999999999997 0.0 33.09807563697311 12.045940072082619 66.54224190242438 0.0 351.1662494778038 17.615125792829787 1587.3976945159916 6.3019942E7 0.635219507505037
212.00011337331836 0.9797348480907222 2.6399999999999997 0.0 33.09807563697311 12.045940072082619 66.54224190242438 0.0 351.1662494778038 17.615125792829787 1587.3976945159916 6.3019942E7 0.635219507505037
213.0001133733183 1.0050170616338034 2.6399999999999997 0.0 32.810289833502026 11.594310996750883 69.66183692990434 0.0 414.7964600785272 27.437511340060052 5611.215809038956 6.3019942E7 0.6309455460852915
214.00011337331824 1.0050170616338034 2.6399999999999997 0.0 32.810289833502026 11.594310996750883 69.66183692990434 0.0 414.7964600785272 27.437511340060052 5611.215809038956 6.3019942E7 0.6309455460852915
215.0001133733182 1.0295414196360801 2.6399999999999997 0.0 32.21932627867661 11.16549777607492 68.99100016949254 0.0 415.30827056720426 27.319355374612275 5622.651084696753 6.3019942E7 0.6352814612366285
216.00011337331813 1.0295414196360801 2.6399999999999997 0.0 32.21932627867661 11.16549777607492 68.99100016949254 0.0 415.30827056720426 27.319355374612275 5622.651084696753 6.3019942E7 0.6352814612366285
217.00011337331807 1.059857807346306 2.6399999999999997 0.0 31.958235752357332 11.501299376894341 65.8800219511421 0.0 414.56076099428105 27.292877707921186 5622.550004321784 6.3019942E7 0.6281363571490247
218.00011337331802 1.059857807346306 2.6399999999999997 0.0 31.958235752357332 11.501299376894341 65.8800219511421 0.0 414.56076099428105 27.292877707921186 5622.550004321784 6.3019942E7 0.6281363571490247
219.00011337331796 1.0955904838815003 2.6399999999999997 0.0 37.25688524681681 11.764575620527982 66.02110881171535 0.0 414.001020746979 27.54315088123239 5606.507003440631 6.3019942E7 0.6360168534731774
220.0001133733179 1.0955904838815003 2.6399999999999997 0.0 37.25688524681681 11.764575620527982 66.02110881171535 0.0 414.001020746979 27.54315088123239 5606.507003440631 6.3019942E7 0.6360168534731774
221.00011337331784 1.1483216108540857 2.6399999999999997 0.0 36.83138807606969 11.405997572553643 66.85174350708361 0.0 414.18114930987264 27.46395473181586 5589.849474070311 6.3019942E7 0.6363385188028302
222.0001133733178 1.1483216108540857 2.6399999999999997 0.0 36.83138807606969 11.405997572553643 66.85174350708361 0.0 414.18114930987264 27.46395473181586 5589.849474070311 6.3019942E7 0.6363385188028302
223.00011337331773 1.1976562373618311 2.6399999999999997 0.0 37.00350088504801 11.416202057270642 65.66348907831025 0.0 413.8732496512969 27.473388487737214 5594.116828273597 6.3019942E7 0.6375365918985767
224.00011337331767 1.1976562373618311 2.6399999999999997 0.0 37.00350088504801 11.416202057270642 65.66348907831025 0.0 413.8732496512969 27.473388487737214 5594.116828273597 6.3019942E7 0.6375365918985767
225.00011337331762 1.222068172710018 2.6399999999999997 0.0 33.83710925157243 12.28709760491577 66.3122396547263 0.0 414.24927194738865 23.418186231595154 4205.971162850331 6.3019942E7 0.6336091167307738
226.00011337331756 1.222068172710018 2.6399999999999997 0.0 33.83710925157243 12.28709760491577 66.3122396547263 0.0 414.24927194738865 23.418186231595154 4205.971162850331 6.3019942E7 0.6336091167307738
227.0001133733175 1.2809330694766998 2.6399999999999997 0.0 34.90900789843316 12.293767623079015 66.17244423400163 0.0 412.5452385768435 23.422755836164416 4188.465444325791 6.3019942E7 0.63257991130664
228.00011337331745 1.2809330694766998 2.6399999999999997 0.0 34.90900789843316 12.293767623079015 66.17244423400163 0.0 412.5452385768435 23.422755836164416 4188.465444325791 6.3019942E7 0.63257991130664
229.0001133733174 1.3015716645805124 2.6399999999999997 0.0 34.24290047321175 12.210202286476298 73.04025651551667 0.0 414.16166002883193 23.2610356753889 4205.284443219533 6.3019942E7 0.6338122736228546
230.00011337331733 1.3015716645805124 2.6399999999999997 0.0 34.24290047321175 12.210202286476298 73.04025651551667 0.0 414.16166002883193 23.2610356753889 4205.284443219533 6.3019942E7 0.6338122736228546
231.00011337331728 1.3500623125555034 2.6399999999999997 0.0 35.31135743859976 11.138461842822789 58.487114694789106 0.0 412.5825546937776 22.829381912833902 4179.694903725139 6.3019942E7 0.6265207266190628
232.00011337331722 1.3500623125555034 2.6399999999999997 0.0 35.31135743859976 11.138461842822789 58.487114694789106 0.0 412.5825546937776 22.829381912833902 4179.694903725139 6.3019942E7 0.6265207266190628
233.00011337331716 1.3930620292963154 2.6399999999999997 0.0 35.665560678822075 11.276523494978104 57.24643325545238 0.0 412.1153507593992 23.00099227291361 4158.240774674198 6.3019942E7 0.6283229052392469
234.0001133733171 1.3930620292963154 2.6399999999999997 0.0 35.665560678822075 11.276523494978104 57.24643325545238 0.0 412.1153507593992 23.00099227291361 4158.240774674198 6.3019942E7 0.6283229052392469
235.00011337331705 1.4328082641882278 2.6399999999999997 0.0 36.67589876856588 12.033498820419199 66.2683367402986 0.0 411.2657580077874 23.507494055115668 4152.220139383 6.3019942E7 0.627418279584951
236.000113373317 1.4328082641882278 2.6399999999999997 0.0 36.67589876856588 12.033498820419199 66.2683367402986 0.0 411.2657580077874 23.507494055115668 4152.220139383 6.3019942E7 0.627418279584951
237.00011337331694 1.4570741363080186 2.6399999999999997 0.0 31.985928904137968 11.878017219761192 65.546353949639 0.0 411.75673344839817 23.334379519405132 4158.2566959394035 6.3019942E7 0.6235865608505642
238.00011337331688 1.4570741363080186 2.6399999999999997 0.0 31.985928904137968 11.878017219761192 65.546353949639 0.0 411.75673344839817 23.334379519405132 4158.2566959394035 6.3019942E7 0.6235865608505642
239.00011337331682 1.4997335807990553 2.6399999999999997 0.0 32.18637085089515 11.927088908208022 68.6889460339513 0.0 412.54228040090067 23.089774073236182 4158.385148943083 5.027930685E9 0.6219715875589978
240.00011337331676 1.4997335807990553 2.6399999999999997 0.0 32.18637085089515 11.927088908208022 68.6889460339513 0.0 412.54228040090067 23.089774073236182 4158.385148943083 5.027930685E9 0.6219715875589978
241.0001133733167 1.562218933579685 2.6399999999999997 0.0 30.762682926444718 11.893165971823674 60.419189246603 0.0 411.76856204431715 27.7410338328054 5585.336390093183 5.027930685E9 0.6208566429405833
242.00011337331665 1.562218933579685 2.6399999999999997 0.0 30.762682926444718 11.893165971823674 60.419189246603 0.0 411.76856204431715 27.7410338328054 5585.336390093183 5.027930685E9 0.6208566429405833
243.0001133733166 1.5740906215249912 2.6399999999999997 0.0 31.74357679062869 11.586715461911291 58.267758596439435 0.0 412.28448840607206 27.77987322887977 5595.291422377252 5.027930685E9 0.6154400792335477
244.00011337331654 1.5740906215249912 2.6399999999999997 0.0 31.74357679062869 11.586715461911291 58.267758596439435 0.0 412.28448840607206 27.77987322887977 5595.291422377252 5.027930685E9 0.6154400792335477
245.00011337331648 1.657193294564788 2.6399999999999997 0.0 30.30575516960878 11.889688777791228 62.31911754246716 0.0 413.03566848993734 27.571602510650898 5627.886346493195 5.027930685E9 0.6100765955929802
246.00011337331642 1.657193294564788 2.6399999999999997 0.0 30.30575516960878 11.889688777791228 62.31911754246716 0.0 413.03566848993734 27.571602510650898 5627.886346493195 5.027930685E9 0.6100765955929802
247.00011337331637 1.6941962495360694 2.6399999999999997 0.0 31.34549989028368 12.268205324313515 65.64302834270242 0.0 412.57055353263377 27.84607303166891 5623.699967063234 5.027930685E9 0.6056309721407702
248.0001133733163 1.6941962495360694 2.6399999999999997 0.0 31.34549989028368 12.268205324313515 65.64302834270242 0.0 412.57055353263377 27.84607303166891 5623.699967063234 5.027930685E9 0.6056309721407702
249.00011337331625 1.7227267737174567 2.6399999999999997 0.0 33.822233826855594 11.815251686680249 65.21157282759346 0.0 411.81065230915755 28.058097708316293 5611.514059469906 5.027930685E9 0.605969170083959
250.0001133733162 1.7227267737174567 2.6399999999999997 0.0 33.822233826855594 11.815251686680249 65.21157282759346 0.0 411.81065230915755 28.058097708316293 5611.514059469906 5.027930685E9 0.605969170083959
251.00011337331614 1.7805033067028209 2.6399999999999997 0.0 29.889520002970627 12.31847781879236 64.86106398537343 0.0 410.731687217203 33.43327384092253 7471.911771285906 5.027930685E9 0.5996061311973215
252.00011337331608 1.7805033067028209 2.6399999999999997 0.0 29.889520002970627 12.31847781879236 64.86106398537343 0.0 410.731687217203 33.43327384092253 7471.911771285906 5.027930685E9 0.5996061311973215
253.00011337331603 1.8354866848989575 2.6399999999999997 0.0 35.94340406983109 11.668780950410264 65.07991552127388 0.0 410.2092972757753 33.65985525287845 7451.231218238655 5.027930685E9 0.595348307525832
254.00011337331597 1.8354866848989575 2.6399999999999997 0.0 35.94340406983109 11.668780950410264 65.07991552127388 0.0 410.2092972757753 33.65985525287845 7451.231218238655 5.027930685E9 0.595348307525832
255.0001133733159 1.856248598197889 2.6399999999999997 0.0 36.448950232157024 11.522478483834908 64.45092398640124 0.0 411.2785169901531 33.53153370503947 7461.123357087449 5.027930685E9 0.591300117922968
256.00011337331586 1.856248598197889 2.6399999999999997 0.0 36.448950232157024 11.522478483834908 64.45092398640124 0.0 411.2785169901531 33.53153370503947 7461.123357087449 5.027930685E9 0.591300117922968
257.0001133733161 1.928413907189093 2.6399999999999997 0.0 30.07278063507219 11.01805379724744 61.696158723585604 0.0 405.48497283898814 23.213928114103474 3589.460314209894 5.027930685E9 0.583780393808935
258.0001133733163 1.928413907189093 2.6399999999999997 0.0 30.07278063507219 11.01805379724744 61.696158723585604 0.0 405.48497283898814 23.213928114103474 3589.460314209894 5.027930685E9 0.583780393808935
259.00011337331654 1.9669167359405468 2.6399999999999997 0.0 35.12814185907739 11.301453142394353 70.74272673345135 0.0 410.70499709262066 36.739273744449086 8270.287931218194 5.027930685E9 0.5796683024634318
260.00011337331676 1.9669167359405468 2.6399999999999997 0.0 35.12814185907739 11.301453142394353 70.74272673345135 0.0 410.70499709262066 36.739273744449086 8270.287931218194 5.027930685E9 0.5796683024634318
261.000113373317 2.032470490782048 2.6399999999999997 0.0 37.52028022337715 11.030919740442856 73.10574811741881 0.0 405.4457484093344 23.191922249137072 3585.5336714038376 5.027930685E9 0.5736170544820274
262.0001133733172 2.032470490782048 2.6399999999999997 0.0 37.52028022337715 11.030919740442856 73.10574811741881 0.0 405.4457484093344 23.191922249137072 3585.5336714038376 5.027930685E9 0.5736170544820274
263.00011337331745 2.03598767104902 2.6399999999999997 0.0 31.83897104729896 10.764892054392163 71.20760817094767 0.0 405.10995927744835 22.756029921432866 3570.7770516248443 5.027930685E9 0.5708352106642036
264.0001133733177 2.03598767104902 2.6399999999999997 0.0 31.83897104729896 10.764892054392163 71.20760817094767 0.0 405.10995927744835 22.756029921432866 3570.7770516248443 5.027930685E9 0.5708352106642036
265.0001133733179 2.0899674869253104 2.6399999999999997 0.0 32.969665650081154 10.810279614024568 73.05812882740074 0.0 404.9503903617408 22.890478810581584 3580.951611343491 5.027930685E9 0.5638741815772683
266.00011337331813 2.0899674869253104 2.6399999999999997 0.0 32.969665650081154 10.810279614024568 73.05812882740074 0.0 404.9503903617408 22.890478810581584 3580.951611343491 5.027930685E9 0.5638741815772683
267.00011337331836 2.1814159039718466 2.6399999999999997 0.0 33.639443360993894 11.093986003326307 72.06485075256118 0.0 403.3329503274551 22.820810076138024 3551.178311986213 5.027930685E9 0.5592799373328294
268.0001133733186 2.1814159039718466 2.6399999999999997 0.0 33.639443360993894 11.093986003326307 72.06485075256118 0.0 403.3329503274551 22.820810076138024 3551.178311986213 5.027930685E9 0.5592799373328294
269.0001133733188 2.226444422696797 2.6399999999999997 0.0 34.64543543865539 11.218941928672717 76.22814042016547 0.0 403.1923866998248 23.185125255858544 3545.702507637881 5.027930685E9 0.5492930351815413
270.00011337331904 2.226444422696797 2.6399999999999997 0.0 34.64543543865539 11.218941928672717 76.22814042016547 0.0 403.1923866998248 23.185125255858544 3545.702507637881 5.027930685E9 0.5492930351815413
271.00011337331927 2.2415568466013958 2.6399999999999997 0.0 39.58705502550601 11.233218448555505 90.90049769774338 0.0 402.6712631093047 19.1537633704504 2104.4432542436743 5.027930685E9 0.5444094127958673
272.0001133733195 2.2415568466013958 2.6399999999999997 0.0 39.58705502550601 11.233218448555505 90.90049769774338 0.0 402.6712631093047 19.1537633704504 2104.4432542436743 5.027930685E9 0.5444094127958673
273.0001133733197 2.2893438580954717 2.6399999999999997 0.0 34.79715081879555 11.715064683061307 96.2358767569369 0.0 411.84951144094407 29.1563942383023 6118.407410215287 5.027930685E9 0.5388999186365294
274.00011337331995 2.2893438580954717 2.6399999999999997 0.0 34.79715081879555 11.715064683061307 96.2358767569369 0.0 411.84951144094407 29.1563942383023 6118.407410215287 5.027930685E9 0.5388999186365294
275.0001133733202 2.325381684287391 2.6399999999999997 0.0 34.68658670285645 11.249801134265816 79.56470300827554 0.0 403.974783573929 19.04243320976827 2112.5114989994577 5.027930685E9 0.5334069848558904
276.0001133733204 2.325381684287391 2.6399999999999997 0.0 34.68658670285645 11.249801134265816 79.56470300827554 0.0 403.974783573929 19.04243320976827 2112.5114989994577 5.027930685E9 0.5334069848558904
277.00011337332063 2.410713369550707 2.6399999999999997 0.0 35.54174724390251 10.34666424736907 74.81913472797045 0.0 411.9419072348833 29.393258697069577 6129.130150604797 5.027930685E9 0.5246210447828688
278.00011337332086 2.410713369550707 2.6399999999999997 0.0 35.54174724390251 10.34666424736907 74.81913472797045 0.0 411.9419072348833 29.393258697069577 6129.130150604797 5.027930685E9 0.5246210447828688
279.0001133733211 2.468541703856622 2.6399999999999997 0.0 30.985017425737983 10.270557126292122 65.75576085014796 0.0 411.28237903551985 29.06197437051287 6128.780684952942 5.027930685E9 0.5171830986114301
280.0001133733213 2.468541703856622 2.6399999999999997 0.0 30.985017425737983 10.270557126292122 65.75576085014796 0.0 411.28237903551985 29.06197437051287 6128.780684952942 5.027930685E9 0.5171830986114301
281.00011337332154 2.5677357510209884 2.6399999999999997 0.0 34.31853851035571 10.727275287142177 75.74883949919708 0.0 409.7366716713145 29.18065585159306 6093.419594124594 5.027930685E9 0.5065160824441484
282.00011337332177 2.5677357510209884 2.6399999999999997 0.0 34.31853851035571 10.727275287142177 75.74883949919708 0.0 409.7366716713145 29.18065585159306 6093.419594124594 5.027930685E9 0.5065160824441484
283.000113373322 2.5864116412460483 2.6399999999999997 0.0 30.16761776473436 10.72872156244876 71.97697302010982 0.0 403.973579740644 19.077395459071408 2115.339431170967 5.027930685E9 0.4996694622556984
284.0001133733222 2.5864116412460483 2.6399999999999997 0.0 30.16761776473436 10.72872156244876 71.97697302010982 0.0 403.973579740644 19.077395459071408 2115.339431170967 5.027930685E9 0.4996694622556984
285.00011337332245 2.6370629783620494 2.6399999999999997 0.0 30.679518906799142 10.111093334199419 68.70458911146393 0.0 409.92729206442283 29.140734649320425 6093.946020774226 5.027930685E9 0.49232794305612193
286.0001133733227 2.6370629783620494 2.6399999999999997 0.0 30.679518906799142 10.111093334199419 68.70458911146393 0.0 409.92729206442283 29.140734649320425 6093.946020774226 5.027930685E9 0.49232794305612193
287.0001133733229 2.662308188479568 2.6399999999999997 0.0 35.00226262097338 11.006695810053527 78.19357420177194 0.0 409.7751452763 29.4193836856181 6092.598541316432 5.027930685E9 0.48477806064280665
288.00011337332313 2.662308188479568 2.6399999999999997 0.0 35.00226262097338 11.006695810053527 78.19357420177194 0.0 409.7751452763 29.4193836856181 6092.598541316432 5.027930685E9 0.48477806064280665
289.00011337332336 2.7326669130965713 2.6399999999999997 0.0 30.768699660532484 10.912227355982417 79.08748022731709 0.0 409.9639830940987 29.436215896648214 6091.56590903021 5.027930685E9 0.4748004050647348
290.0001133733236 2.7326669130965713 2.6399999999999997 0.0 30.768699660532484 10.912227355982417 79.08748022731709 0.0 409.9639830940987 29.436215896648214 6091.56590903021 5.027930685E9 0.4748004050647348
291.0001133733238 2.7554295181901067 2.6399999999999997 0.0 47.48915877734987 11.698123917712039 100.51140023087314 0.0 410.0294284503231 30.240752680701814 6089.156523461557 5.027930685E9 0.46737456343555905
292.00011337332404 2.7554295181901067 2.6399999999999997 0.0 47.48915877734987 11.698123917712039 100.51140023087314 0.0 410.0294284503231 30.240752680701814 6089.156523461557 5.027930685E9 0.46737456343555905
293.00011337332427 2.8111790014832563 2.6399999999999997 0.0 48.830248094867386 11.863392667201248 105.41797332315075 0.0 410.05536602211123 30.429197302483054 6097.594135978332 5.027930685E9 0.45911577558683003
294.0001133733245 2.8111790014832563 2.6399999999999997 0.0 48.830248094867386 11.863392667201248 105.41797332315075 0.0 410.05536602211123 30.429197302483054 6097.594135978332 5.027930685E9 0.45911577558683003
295.0001133733247 2.838485193554675 2.6399999999999997 0.0 46.728250595568305 11.302280697601816 90.15082955723587 0.0 409.6865380467254 30.285035845298733 6101.930910348121 5.027930685E9 0.4564762372522406
296.00011337332495 2.838485193554675 2.6399999999999997 0.0 46.728250595568305 11.302280697601816 90.15082955723587 0.0 409.6865380467254 30.285035845298733 6101.930910348121 5.027930685E9 0.4564762372522406
297.0001133733252 2.838497611288907 2.6399999999999997 0.0 53.50507268575733 11.99563395060325 101.5079410007009 0.0 408.68934619591147 30.545417094128823 6079.6747808836535 5.027930685E9 0.4575326806573201
298.0001133733254 2.838497611288907 2.6399999999999997 0.0 53.50507268575733 11.99563395060325 101.5079410007009 0.0 408.68934619591147 30.545417094128823 6079.6747808836535 5.027930685E9 0.4575326806573201
299.00011337332563 2.8222715073745848 2.6399999999999997 0.0 52.760453879274706 11.41711421042827 95.48347648936821 0.0 409.3223885275714 29.86295574199952 6057.5399921605 5.054190069E9 0.4615361660068485
300.00011337332586 2.8222715073745848 2.6399999999999997 0.0 52.760453879274706 11.41711421042827 95.48347648936821 0.0 409.3223885275714 29.86295574199952 6057.5399921605 5.054190069E9 0.4615361660068485
301.0001133733261 2.766013815231542 2.6399999999999997 0.0 51.66633138411911 11.487023959142851 84.0580574767709 0.0 410.739421058343 30.373637544304206 6135.266985240831 5.054190069E9 0.4667170689114285
302.0001133733263 2.766013815231542 2.6399999999999997 0.0 51.66633138411911 11.487023959142851 84.0580574767709 0.0 410.739421058343 30.373637544304206 6135.266985240831 5.054190069E9 0.4667170689114285
303.00011337332654 2.739207118524603 2.6399999999999997 0.0 34.93272799059525 12.159267285283025 84.94184139070255 0.0 411.34795453245783 29.726625906881065 6131.207779980321 5.054190069E9 0.4750715768567931
304.00011337332677 2.739207118524603 2.6399999999999997 0.0 34.93272799059525 12.159267285283025 84.94184139070255 0.0 411.34795453245783 29.726625906881065 6131.207779980321 5.054190069E9 0.4750715768567931
305.000113373327 2.6358091676446818 2.6399999999999997 0.0 51.17650986426037 11.442353670162946 91.7592213612864 0.0 410.8309197896818 30.057406351303932 6117.270038647724 5.054190069E9 0.4893657519518542
306.0001133733272 2.6358091676446818 2.6399999999999997 0.0 51.17650986426037 11.442353670162946 91.7592213612864 0.0 410.8309197896818 30.057406351303932 6117.270038647724 5.054190069E9 0.4893657519518542
307.00011337332745 2.604769006593877 2.6399999999999997 0.0 46.02038881970653 11.876037379268329 85.43315058976944 0.0 410.86856176738803 33.27263198259066 6953.078877887898 5.054190069E9 0.4940228923681845
308.0001133733277 2.604769006593877 2.6399999999999997 0.0 46.02038881970653 11.876037379268329 85.43315058976944 0.0 410.86856176738803 33.27263198259066 6953.078877887898 5.054190069E9 0.4940228923681845
309.0001133733279 2.564226183951858 2.6399999999999997 0.0 50.63621803789852 11.356289017991513 86.18623359574269 0.0 409.6984716366589 29.70245930189934 6098.508635132958 5.054190069E9 0.49762085589284305
310.00011337332813 2.564226183951858 2.6399999999999997 0.0 50.63621803789852 11.356289017991513 86.18623359574269 0.0 409.6984716366589 29.70245930189934 6098.508635132958 5.054190069E9 0.49762085589284305
311.00011337332836 2.4976177108107476 2.6399999999999997 0.0 31.504621703483604 11.267488378606792 71.66944760484142 0.0 408.79366878892694 29.1540340880578 6066.225086519427 5.054190069E9 0.5106014782436025
312.0001133733286 2.4976177108107476 2.6399999999999997 0.0 31.504621703483604 11.267488378606792 71.66944760484142 0.0 408.79366878892694 29.1540340880578 6066.225086519427 5.054190069E9 0.5106014782436025
313.0001133733288 2.448579515589127 2.6399999999999997 0.0 50.239353822610845 11.665381794580897 88.96894668432653 0.0 408.7975709999044 29.96172878064461 6084.32353101509 5.054190069E9 0.5205141770618943
314.00011337332904 2.448579515589127 2.6399999999999997 0.0 50.239353822610845 11.665381794580897 88.96894668432653 0.0 408.7975709999044 29.96172878064461 6084.32353101509 5.054190069E9 0.5205141770618943
315.00011337332927 2.4170748861301 2.6399999999999997 0.0 50.04817640224806 11.943897536755285 96.01128729760529 0.0 410.55369208773 30.05649810897852 6134.310922069475 5.054190069E9 0.5273273839716097
316.0001133733295 2.4170748861301 2.6399999999999997 0.0 50.04817640224806 11.943897536755285 96.01128729760529 0.0 410.55369208773 30.05649810897852 6134.310922069475 5.054190069E9 0.5273273839716097
317.0001133733297 2.307502130019721 2.6399999999999997 0.0 60.41169269456627 12.54610139677256 115.3967202603653 0.0 409.5062391991369 30.44565049734324 6129.058000997387 5.054190069E9 0.5338656837232978
318.00011337332995 2.307502130019721 2.6399999999999997 0.0 60.41169269456627 12.54610139677256 115.3967202603653 0.0 409.5062391991369 30.44565049734324 6129.058000997387 5.054190069E9 0.5338656837232978
319.0001133733302 2.3564611266840885 2.6399999999999997 0.0 248.47458891380748 30.81679606869412 3051.712081892589 0.0 410.9024245541668 50.471907172032545 11178.65661024743 5.054190069E9 0.5348837800950397
320.0001133733304 2.3564611266840885 2.6399999999999997 0.0 248.47458891380748 30.81679606869412 3051.712081892589 0.0 410.9024245541668 50.471907172032545 11178.65661024743 5.054190069E9 0.5348837800950397
321.00011337333063 2.260985949017072 2.6399999999999997 0.0 257.6652993329538 30.20713718507731 3136.735631588472 0.0 410.7273981606215 49.669449035957996 11185.881559457022 5.054190069E9 0.5443452308211256
322.00011337333086 2.260985949017072 2.6399999999999997 0.0 257.6652993329538 30.20713718507731 3136.735631588472 0.0 410.7273981606215 49.669449035957996 11185.881559457022 5.054190069E9 0.5443452308211256
323.0001133733311 2.180979498989672 2.6399999999999997 0.0 258.0527791710512 28.821941150263694 2905.762331774279 0.0 376.14728400521807 31.118711730781254 4952.721733819396 5.054190069E9 0.5534568376120614
324.0001133733313 2.180979498989672 2.6399999999999997 0.0 258.0527791710512 28.821941150263694 2905.762331774279 0.0 376.14728400521807 31.118711730781254 4952.721733819396 5.054190069E9 0.5534568376120614
325.00011337333154 2.1291037285073107 2.6399999999999997 0.0 35.66261041634843 10.859810774621105 74.39770001253606 0.0 412.20213903685135 23.867661404878266 4219.459519263443 5.054190069E9 0.5626123585872824
326.00011337333177 2.1291037285073107 2.6399999999999997 0.0 35.66261041634843 10.859810774621105 74.39770001253606 0.0 412.20213903685135 23.867661404878266 4219.459519263443 5.054190069E9 0.5626123585872824
327.000113373332 2.0595413801246543 2.6399999999999997 0.0 35.337206471508814 11.270190419741336 82.24185835085191 0.0 38.96988214035023 13.747937957005753 88.17890255727822 5.054190069E9 0.5664285052283432
328.0001133733322 2.0595413801246543 2.6399999999999997 0.0 35.337206471508814 11.270190419741336 82.24185835085191 0.0 38.96988214035023 13.747937957005753 88.17890255727822 5.054190069E9 0.5664285052283432
329.00011337333245 2.0837369157729966 2.6399999999999997 0.0 39.647396372512766 11.46878483349521 94.90866179629109 0.0 412.0139139790875 24.357827907202225 4226.76655284742 5.054190069E9 0.5671370187636402
330.0001133733327 2.0837369157729966 2.6399999999999997 0.0 39.647396372512766 11.46878483349521 94.90866179629109 0.0 412.0139139790875 24.357827907202225 4226.76655284742 5.054190069E9 0.5671370187636402
331.0001133733329 1.9687517158226484 2.6399999999999997 0.0 55.15911342708269 11.928268238235715 104.79910630642765 0.0 413.1799890781456 27.821257421957654 5160.553849859573 5.054190069E9 0.5798809778395778
332.00011337333314 1.9687517158226484 2.6399999999999997 0.0 55.15911342708269 11.928268238235715 104.79910630642765 0.0 413.1799890781456 27.821257421957654 5160.553849859573 5.054190069E9 0.5798809778395778
333.00011337333336 1.9505842960047448 2.6399999999999997 0.0 56.020293342593675 11.20183690693321 112.8515576673983 0.0 413.90155182016224 27.91716617298088 5181.379192813864 5.054190069E9 0.5837619538898658
334.0001133733336 1.9505842960047448 2.6399999999999997 0.0 56.020293342593675 11.20183690693321 112.8515576673983 0.0 413.90155182016224 27.91716617298088 5181.379192813864 5.054190069E9 0.5837619538898658
335.0001133733338 1.9025505719302023 2.6399999999999997 0.0 40.557879186639795 11.263063615501 102.21891830741846 0.0 415.47429060480425 27.61787535147204 5186.173934221434 5.054190069E9 0.5907764383524874
336.00011337333405 1.9025505719302023 2.6399999999999997 0.0 40.557879186639795 11.263063615501 102.21891830741846 0.0 415.47429060480425 27.61787535147204 5186.173934221434 5.054190069E9 0.5907764383524874
337.0001133733343 1.8621740140645602 2.6399999999999997 0.0 38.61703017497844 11.343413336888961 91.80011433267063 0.0 416.0800978424108 27.544129373370552 5197.38234114816 5.054190069E9 0.5928841041841042
338.0001133733345 1.8621740140645602 2.6399999999999997 0.0 38.61703017497844 11.343413336888961 91.80011433267063 0.0 416.0800978424108 27.544129373370552 5197.38234114816 5.054190069E9 0.5928841041841042
339.0001133733347 1.7932094516475463 2.6399999999999997 0.0 39.41159155857335 11.661099837955643 105.35343370089254 0.0 416.58816770056643 27.5899732342929 5201.864496495743 5.054190069E9 0.5997292861646235
340.00011337333495 1.7932094516475463 2.6399999999999997 0.0 39.41159155857335 11.661099837955643 105.35343370089254 0.0 416.58816770056643 27.5899732342929 5201.864496495743 5.054190069E9 0.5997292861646235
341.0001133733352 1.7517977558938442 2.6399999999999997 0.0 38.876227781750046 11.088648208413733 98.129466418862 0.0 416.86458256015845 27.45709712162518 5204.947816424433 5.054190069E9 0.6025150801260742
342.0001133733354 1.7517977558938442 2.6399999999999997 0.0 38.876227781750046 11.088648208413733 98.129466418862 0.0 416.86458256015845 27.45709712162518 5204.947816424433 5.054190069E9 0.6025150801260742
343.00011337333564 1.722414609684864 2.6399999999999997 0.0 39.54244859295581 11.41834738637213 98.08927961456067 0.0 415.43166966638546 27.49664247035952 5173.092953442 5.054190069E9 0.6054961758253483
344.00011337333586 1.722414609684864 2.6399999999999997 0.0 39.54244859295581 11.41834738637213 98.08927961456067 0.0 415.43166966638546 27.49664247035952 5173.092953442 5.054190069E9 0.6054961758253483
345.0001133733361 1.6857978240457798 2.6399999999999997 0.0 40.138706812416544 11.387118083255444 98.45832060229822 0.0 415.4302529154427 27.725908540948385 5172.594324880524 5.054190069E9 0.6098043994329534
346.0001133733363 1.6857978240457798 2.6399999999999997 0.0 40.138706812416544 11.387118083255444 98.45832060229822 0.0 415.4302529154427 27.725908540948385 5172.594324880524 5.054190069E9 0.6098043994329534
347.00011337333655 1.613314714922135 2.6399999999999997 0.0 39.26559156085481 11.524047872490925 101.06144824238028 0.0 416.14383000001504 27.797195653989156 5194.112566265648 5.054190069E9 0.6151038088385664
348.0001133733368 1.613314714922135 2.6399999999999997 0.0 39.26559156085481 11.524047872490925 101.06144824238028 0.0 416.14383000001504 27.797195653989156 5194.112566265648 5.054190069E9 0.6151038088385664
349.000113373337 1.587338536076548 2.6399999999999997 0.0 43.75239005862414 12.025349860908689 110.13148703413965 0.0 416.566950657281 28.22004444866555 5199.619960087013 5.054190069E9 0.6176495037803368
350.00011337333723 1.587338536076548 2.6399999999999997 0.0 43.75239005862414 12.025349860908689 110.13148703413965 0.0 416.566950657281 28.22004444866555 5199.619960087013 5.054190069E9 0.6176495037803368
351.00011337333746 1.544914991833786 2.6399999999999997 0.0 39.45123002987145 11.787508358406598 102.2433499687337 0.0 416.96468705532806 28.143520089762315 5211.164598253892 5.054190069E9 0.616802885485434
352.0001133733377 1.544914991833786 2.6399999999999997 0.0 39.45123002987145 11.787508358406598 102.2433499687337 0.0 416.96468705532806 28.143520089762315 5211.164598253892 5.054190069E9 0.616802885485434
353.0001133733379 1.4710293323899695 2.6399999999999997 0.0 42.77151522383931 12.365999753627928 119.11951266242356 0.0 417.15021971612373 28.511097304397907 5229.953017583689 5.054190069E9 0.626142329007334
354.00011337333814 1.4710293323899695 2.6399999999999997 0.0 42.77151522383931 12.365999753627928 119.11951266242356 0.0 417.15021971612373 28.511097304397907 5229.953017583689 5.054190069E9 0.626142329007334
355.00011337333837 1.4640796575249426 2.6399999999999997 0.0 44.1970045906337 13.147810011105204 124.40667297302889 0.0 416.9235254631063 28.431390237408717 5227.858174469072 5.054190069E9 0.6216347277816034
356.0001133733386 1.4640796575249426 2.6399999999999997 0.0 44.1970045906337 13.147810011105204 124.40667297302889 0.0 416.9235254631063 28.431390237408717 5227.858174469072 5.054190069E9 0.6216347277816034
357.0001133733388 1.4153849098778486 2.6399999999999997 0.0 39.313646717869304 12.15116585637746 104.66355701704724 0.0 414.9333282724029 27.9058631265832 5196.2652978569295 5.054190069E9 0.6263686496992993
358.00011337333905 1.4153849098778486 2.6399999999999997 0.0 39.313646717869304 12.15116585637746 104.66355701704724 0.0 414.9333282724029 27.9058631265832 5196.2652978569295 5.054190069E9 0.6263686496992993
359.0001133733393 1.1170069277986456 2.9999999999999996 0.0 39.11849005391657 12.371629047274764 103.81572991846735 0.0 415.6755834742141 27.883338851463993 5206.147600394838 1.10781266E8 0.6263373157501055
360.0001133733395 1.1170069277986456 2.9999999999999996 0.0 39.11849005391657 12.371629047274764 103.81572991846735 0.0 415.6755834742141 27.883338851463993 5206.147600394838 1.10781266E8 0.6263373157501055
361.00011337333973 1.1295383073893437 2.9999999999999996 0.0 28.944193121164226 8.053171001250632 44.21018503446845 0.0 21.574483134094763 8.824380930401295 35.3736629300273 1.10781266E8 0.629988023596464
362.00011337333996 1.1295383073893437 2.9999999999999996 0.0 28.944193121164226 8.053171001250632 44.21018503446845 0.0 21.574483134094763 8.824380930401295 35.3736629300273 1.10781266E8 0.629988023596464
363.0001133733402 1.1821296072375165 2.9999999999999996 0.0 29.683199314422858 7.870618450663533 44.80942990495112 0.0 20.960040984648106 8.905977749516993 34.78271277638248 1.10781266E8 0.6289499702788804
364.0001133733404 1.1821296072375165 2.9999999999999996 0.0 29.683199314422858 7.870618450663533 44.80942990495112 0.0 20.960040984648106 8.905977749516993 34.78271277638248 1.10781266E8 0.6289499702788804
365.00011337334064 1.2137456619233686 2.9999999999999996 0.0 30.86465145812832 7.583460797108012 42.17138809568019 0.0 21.212635762414536 8.869233528517254 34.764954836976756 1.10781266E8 0.6304440658724081
366.00011337334087 1.2137456619233686 2.9999999999999996 0.0 30.86465145812832 7.583460797108012 42.17138809568019 0.0 21.212635762414536 8.869233528517254 34.764954836976756 1.10781266E8 0.6304440658724081
367.0001133733411 1.2198473988342498 2.9999999999999996 0.0 31.897345198926747 7.757193634867512 40.734809264287435 0.0 21.84605628712112 8.853230303064555 35.60768815820404 1.10781266E8 0.6332558434891019
368.0001133733413 1.2198473988342498 2.9999999999999996 0.0 31.897345198926747 7.757193634867512 40.734809264287435 0.0 21.84605628712112 8.853230303064555 35.60768815820404 1.10781266E8 0.6332558434891019
369.00011337334155 1.2655039730688888 2.9999999999999996 0.0 32.9890971057405 8.004989710538855 41.204046706454776 0.0 22.236302042325452 8.889972679779316 36.08251426093314 1.10781266E8 0.6347949513848434
370.0001133733418 1.2655039730688888 2.9999999999999996 0.0 32.9890971057405 8.004989710538855 41.204046706454776 0.0 22.236302042325452 8.889972679779316 36.08251426093314 1.10781266E8 0.6347949513848434
371.000113373342 1.2996381298255932 2.9999999999999996 0.0 35.173844881324534 8.114983909348558 43.64329824534588 0.0 23.75393749855773 8.980056741038291 38.73117066362092 1.10781266E8 0.6368918854236796
372.00011337334223 1.2996381298255932 2.9999999999999996 0.0 35.173844881324534 8.114983909348558 43.64329824534588 0.0 23.75393749855773 8.980056741038291 38.73117066362092 1.10781266E8 0.6368918854236796
373.00011337334246 1.3315790012095683 2.9999999999999996 0.0 32.5960932988313 8.029008219753987 44.15849211847336 0.0 23.013113915849583 9.074840251630974 39.54013542625914 1.10781266E8 0.6345226531871797
374.0001133733427 1.3315790012095683 2.9999999999999996 0.0 32.5960932988313 8.029008219753987 44.15849211847336 0.0 23.013113915849583 9.074840251630974 39.54013542625914 1.10781266E8 0.6345226531871797
375.0001133733429 1.3639161582482622 2.9999999999999996 0.0 33.05387588498116 8.221341774640155 47.03705815023836 0.0 23.58401348509433 9.237017211430805 41.49995732931163 1.10781266E8 0.634745889947256
376.00011337334314 1.3639161582482622 2.9999999999999996 0.0 33.05387588498116 8.221341774640155 47.03705815023836 0.0 23.58401348509433 9.237017211430805 41.49995732931163 1.10781266E8 0.634745889947256
377.00011337334337 1.401822382816682 2.9999999999999996 0.0 33.867686560904076 7.957004075586568 49.05127375941285 0.0 25.455645412788794 9.406637907424797 43.73964696994491 1.10781266E8 0.6356643611937186
378.0001133733436 1.401822382816682 2.9999999999999996 0.0 33.867686560904076 7.957004075586568 49.05127375941285 0.0 25.455645412788794 9.406637907424797 43.73964696994491 1.10781266E8 0.6356643611937186
379.0001133733438 1.4486936177240517 2.9999999999999996 0.0 29.35850123243087 7.909254633013593 45.168413773999426 0.0 23.67206636896015 9.368752540951686 44.80290926136041 1.10781266E8 0.6305237891439258
380.00011337334405 1.4486936177240517 2.9999999999999996 0.0 29.35850123243087 7.909254633013593 45.168413773999426 0.0 23.67206636896015 9.368752540951686 44.80290926136041 1.10781266E8 0.6305237891439258
381.0001133733443 1.4893328089321851 2.9999999999999996 0.0 32.59696492004914 8.361123724777494 47.965207369040954 0.0 24.66740128655336 9.641626205503698 47.72732305659718 1.10781266E8 0.6336000274646183
382.0001133733445 1.4893328089321851 2.9999999999999996 0.0 32.59696492004914 8.361123724777494 47.965207369040954 0.0 24.66740128655336 9.641626205503698 47.72732305659718 1.10781266E8 0.6336000274646183
383.00011337334473 1.5385888451070655 2.9999999999999996 0.0 27.118786536424828 8.10016968789993 45.326445700038605 0.0 23.633934624116787 9.475163871065542 44.310413538831355 1.10781266E8 0.6299857989711075
384.00011337334496 1.5385888451070655 2.9999999999999996 0.0 27.118786536424828 8.10016968789993 45.326445700038605 0.0 23.633934624116787 9.475163871065542 44.310413538831355 1.10781266E8 0.6299857989711075
385.0001133733452 1.5612191485913012 2.9999999999999996 0.0 43.51575403055836 9.310611748869983 77.71013332207788 0.0 36.23909026525452 9.950054197015481 60.46334054675648 1.10781266E8 0.62908347423506
386.0001133733454 1.5612191485913012 2.9999999999999996 0.0 43.51575403055836 9.310611748869983 77.71013332207788 0.0 36.23909026525452 9.950054197015481 60.46334054675648 1.10781266E8 0.62908347423506
387.00011337334564 1.619587024101813 2.9999999999999996 0.0 41.39683522312865 9.563275113300262 64.15291090474936 0.0 28.179521456380566 9.884804158269214 53.64897635139064 1.10781266E8 0.6275859073667129
388.00011337334587 1.619587024101813 2.9999999999999996 0.0 41.39683522312865 9.563275113300262 64.15291090474936 0.0 28.179521456380566 9.884804158269214 53.64897635139064 1.10781266E8 0.6275859073667129
389.0001133733461 1.6390718928713444 2.9999999999999996 0.0 40.40050629891162 9.7229420516098 76.65989217504983 0.0 40.79817774089546 10.219517849414224 67.55319291076977 1.10781266E8 0.628161161244169
390.0001133733463 1.6390718928713444 2.9999999999999996 0.0 40.40050629891162 9.7229420516098 76.65989217504983 0.0 40.79817774089546 10.219517849414224 67.55319291076977 1.10781266E8 0.628161161244169
391.00011337334655 1.671372927851135 2.9999999999999996 0.0 41.34074466409591 9.237164058082083 75.51080586236468 0.0 40.242300949512234 10.151087185368517 65.52005909824892 1.10781266E8 0.6237059173754497
392.0001133733468 1.671372927851135 2.9999999999999996 0.0 41.34074466409591 9.237164058082083 75.51080586236468 0.0 40.242300949512234 10.151087185368517 65.52005909824892 1.10781266E8 0.6237059173754497
393.000113373347 1.711967951783231 2.9999999999999996 0.0 27.813615980186007 7.912147353315128 44.29267195251556 0.0 25.703576814037195 9.796023201083319 47.03832261698115 1.10781266E8 0.6215743734511202
394.00011337334723 1.711967951783231 2.9999999999999996 0.0 27.813615980186007 7.912147353315128 44.29267195251556 0.0 25.703576814037195 9.796023201083319 47.03832261698115 1.10781266E8 0.6215743734511202
395.00011337334746 1.7824046924337573 2.9999999999999996 0.0 36.88784852427529 8.509102739346176 52.82456418731857 0.0 438.0481217922731 15.657563812314866 2490.930370753515 1.10781266E8 0.6153995511241203
396.0001133733477 1.7824046924337573 2.9999999999999996 0.0 36.88784852427529 8.509102739346176 52.82456418731857 0.0 438.0481217922731 15.657563812314866 2490.930370753515 1.10781266E8 0.6153995511241203
397.0001133733479 1.8390750789395462 2.9999999999999996 0.0 37.655586085382524 9.226221907775377 64.03292821460522 0.0 438.73354414967827 15.680072908651054 2499.0150936378263 1.10781266E8 0.6122994960943241
398.00011337334814 1.8390750789395462 2.9999999999999996 0.0 37.655586085382524 9.226221907775377 64.03292821460522 0.0 438.73354414967827 15.680072908651054 2499.0150936378263 1.10781266E8 0.6122994960943241
399.00011337334837 1.8693034499941723 2.9999999999999996 0.0 37.827596672717384 8.821204469936633 63.78292606722202 0.0 437.826322043489 15.737230198463504 2487.509612288394 1.10781266E8 0.6123687796191148
400.0001133733486 1.8693034499941723 2.9999999999999996 0.0 37.827596672717384 8.821204469936633 63.78292606722202 0.0 437.826322043489 15.737230198463504 2487.509612288394 1.10781266E8 0.6123687796191148
401.0001133733488 1.9572360471402108 2.9999999999999996 0.0 39.67119319235898 9.027200152216812 61.27571649579824 0.0 437.02186295308337 15.678116925196573 2478.9337888101254 1.10781266E8 0.6065216399591733
402.00011337334905 1.9572360471402108 2.9999999999999996 0.0 39.67119319235898 9.027200152216812 61.27571649579824 0.0 437.02186295308337 15.678116925196573 2478.9337888101254 1.10781266E8 0.6065216399591733
403.0001133733493 1.9878894460480492 2.9999999999999996 0.0 38.25440957450212 8.812774986700225 61.72145660690367 0.0 437.6356590030662 15.656712099958888 2488.3075574520176 1.10781266E8 0.6031346678916766
404.0001133733495 1.9878894460480492 2.9999999999999996 0.0 38.25440957450212 8.812774986700225 61.72145660690367 0.0 437.6356590030662 15.656712099958888 2488.3075574520176 1.10781266E8 0.6031346678916766
405.00011337334973 1.9899128064029072 2.9999999999999996 0.0 37.49701825735321 9.368227659788628 68.3309518092073 0.0 437.48262219384924 15.736849900349267 2489.1233633828756 1.10781266E8 0.601189263142556
406.00011337334996 1.9899128064029072 2.9999999999999996 0.0 37.49701825735321 9.368227659788628 68.3309518092073 0.0 437.48262219384924 15.736849900349267 2489.1233633828756 1.10781266E8 0.601189263142556
407.0001133733502 2.0837131295055915 2.9999999999999996 0.0 37.79051785382536 10.23238985434741 75.67696259758408 0.0 436.4259330033342 15.840143411833246 2477.814682218542 1.10781266E8 0.592742894610273
408.0001133733504 2.0837131295055915 2.9999999999999996 0.0 37.79051785382536 10.23238985434741 75.67696259758408 0.0 436.4259330033342 15.840143411833246 2477.814682218542 1.10781266E8 0.592742894610273
409.00011337335064 2.1165247069610196 2.9999999999999996 0.0 38.2172315645319 9.923313967823509 76.23704729269183 0.0 30.249489455564486 10.288400938679136 56.662305062088826 1.10781266E8 0.5865278132393281
410.00011337335087 2.1165247069610196 2.9999999999999996 0.0 38.2172315645319 9.923313967823509 76.23704729269183 0.0 30.249489455564486 10.288400938679136 56.662305062088826 1.10781266E8 0.5865278132393281
411.0001133733511 2.1225235502441833 2.9999999999999996 0.0 38.153459691331875 9.838888278231629 76.87945498786446 0.0 31.542742170696396 10.33808599364139 57.566037792431715 1.10781266E8 0.5815933721630384
412.0001133733513 2.1225235502441833 2.9999999999999996 0.0 38.153459691331875 9.838888278231629 76.87945498786446 0.0 31.542742170696396 10.33808599364139 57.566037792431715 1.10781266E8 0.5815933721630384
413.00011337335155 2.2325869288337143 2.9999999999999996 0.0 36.622769072787385 9.258944289948015 66.82348437244248 0.0 30.237064584746633 10.254032832724096 55.48793592470457 1.10781266E8 0.5757312888768452
414.0001133733518 2.2325869288337143 2.9999999999999996 0.0 36.622769072787385 9.258944289948015 66.82348437244248 0.0 30.237064584746633 10.254032832724096 55.48793592470457 1.10781266E8 0.5757312888768452
415.000113373352 2.285723878043966 2.9999999999999996 0.0 37.29919092365825 9.219665761193776 66.92704632337217 0.0 29.548280221277526 10.277846760120092 53.86698203839223 1.10781266E8 0.57113765960256
416.00011337335224 2.285723878043966 2.9999999999999996 0.0 37.29919092365825 9.219665761193776 66.92704632337217 0.0 29.548280221277526 10.277846760120092 53.86698203839223 1.10781266E8 0.57113765960256
417.00011337335246 2.2993677658389102 2.9999999999999996 0.0 38.91562263275987 9.358674045456679 72.19897938901245 0.0 28.797738457499463 10.28631779284685 55.911297351331086 1.10781266E8 0.5678854924789773
418.0001133733527 2.2993677658389102 2.9999999999999996 0.0 38.91562263275987 9.358674045456679 72.19897938901245 0.0 28.797738457499463 10.28631779284685 55.911297351331086 1.10781266E8 0.5678854924789773
419.0001133733529 2.355902131101464 2.9999999999999996 0.0 38.16510339398792 9.952657746271896 81.3992674048897 0.0 441.41325793548754 16.1242377730673 2538.5476383169553 5.068824409E9 0.5609467785165251
420.00011337335314 2.355902131101464 2.9999999999999996 0.0 38.16510339398792 9.952657746271896 81.3992674048897 0.0 441.41325793548754 16.1242377730673 2538.5476383169553 5.068824409E9 0.5609467785165251
421.0001133733534 2.40168860503112 2.9999999999999996 0.0 39.06091824797038 8.847755534369695 68.18251568355363 0.0 440.62950276823875 16.15744770001347 2530.025412111876 5.068824409E9 0.5531172934734445
422.0001133733536 2.40168860503112 2.9999999999999996 0.0 39.06091824797038 8.847755534369695 68.18251568355363 0.0 440.62950276823875 16.15744770001347 2530.025412111876 5.068824409E9 0.5531172934734445
423.0001133733538 2.4995309372511003 2.9999999999999996 0.0 38.468239540976114 9.701080238155715 82.04514506861831 0.0 441.4013193909291 16.110444995725807 2539.8908544986916 5.068824409E9 0.5455512700214882
424.00011337335405 2.4995309372511003 2.9999999999999996 0.0 38.468239540976114 9.701080238155715 82.04514506861831 0.0 441.4013193909291 16.110444995725807 2539.8908544986916 5.068824409E9 0.5455512700214882
425.0001133733543 2.5247464196626392 2.9999999999999996 0.0 37.128187010998744 9.36504436682125 80.47155211459146 0.0 29.11518508717769 10.52487348750134 61.23600447409336 5.068824409E9 0.537241226953651
426.0001133733545 2.5247464196626392 2.9999999999999996 0.0 37.128187010998744 9.36504436682125 80.47155211459146 0.0 29.11518508717769 10.52487348750134 61.23600447409336 5.068824409E9 0.537241226953651
427.00011337335474 2.5846326211977857 2.9999999999999996 0.0 38.85594837603223 10.18410131586303 81.97881680403417 0.0 32.8587437605824 10.503813141005764 61.088219023030874 5.068824409E9 0.5325014362215467
428.00011337335496 2.5846326211977857 2.9999999999999996 0.0 38.85594837603223 10.18410131586303 81.97881680403417 0.0 32.8587437605824 10.503813141005764 61.088219023030874 5.068824409E9 0.5325014362215467
429.0001133733552 2.5836592105687073 2.9999999999999996 0.0 41.22898091914767 9.968620561065839 86.12010351349964 0.0 32.963776486568264 10.47106530531459 61.91597515419067 5.068824409E9 0.5302124217574241
430.0001133733554 2.5836592105687073 2.9999999999999996 0.0 41.22898091914767 9.968620561065839 86.12010351349964 0.0 32.963776486568264 10.47106530531459 61.91597515419067 5.068824409E9 0.5302124217574241
431.00011337335565 2.6712832554399273 2.9999999999999996 0.0 360.72112016935546 16.51547407936007 1824.8206272353086 0.0 375.1606978189661 15.324370047953199 1834.1202533692892 5.068824409E9 0.5183191654663916
432.0001133733559 2.6712832554399273 2.9999999999999996 0.0 360.72112016935546 16.51547407936007 1824.8206272353086 0.0 375.1606978189661 15.324370047953199 1834.1202533692892 5.068824409E9 0.5183191654663916
433.0001133733561 2.692256520766357 2.9999999999999996 0.0 360.23565428305386 16.874141410995065 1835.9629153431006 0.0 374.35645918793693 15.356581259260544 1827.8182244284187 5.068824409E9 0.5148247553381227
434.0001133733563 2.692256520766357 2.9999999999999996 0.0 360.23565428305386 16.874141410995065 1835.9629153431006 0.0 374.35645918793693 15.356581259260544 1827.8182244284187 5.068824409E9 0.5148247553381227
435.00011337335656 2.817003952395868 2.9999999999999996 0.0 361.2927089547731 17.513970079794248 1866.4181564127223 0.0 374.7524235795384 18.039582228792423 2384.8806035180337 5.068824409E9 0.4989204835886317
436.0001133733568 2.817003952395868 2.9999999999999996 0.0 361.2927089547731 17.513970079794248 1866.4181564127223 0.0 374.7524235795384 18.039582228792423 2384.8806035180337 5.068824409E9 0.4989204835886317
437.000113373357 2.862866749019604 2.9999999999999996 0.0 45.19148957910503 11.356609109513506 109.99299799008746 0.0 30.49930820660983 10.748188526388631 65.44412068786933 5.068824409E9 0.4920933194375609
438.00011337335724 2.862866749019604 2.9999999999999996 0.0 45.19148957910503 11.356609109513506 109.99299799008746 0.0 30.49930820660983 10.748188526388631 65.44412068786933 5.068824409E9 0.4920933194375609
439.00011337335746 2.9214506074805 2.9999999999999996 0.0 360.0725779870611 17.7633285872162 1864.8330122024263 0.0 374.4856814077621 19.40276920435398 3119.1893085511183 5.068824409E9 0.4849334821357427
440.0001133733577 2.9214506074805 2.9999999999999996 0.0 360.0725779870611 17.7633285872162 1864.8330122024263 0.0 374.4856814077621 19.40276920435398 3119.1893085511183 5.068824409E9 0.4849334821357427
441.0001133733579 3.0031575209035384 2.9999999999999996 0.0 359.9171984877105 17.07795896500663 1823.4771972709023 0.0 374.6687255221236 15.392508253440514 1826.259889376678 5.068824409E9 0.4740332050326535
442.00011337335815 3.0031575209035384 2.9999999999999996 0.0 359.9171984877105 17.07795896500663 1823.4771972709023 0.0 374.6687255221236 15.392508253440514 1826.259889376678 5.068824409E9 0.4740332050326535
443.0001133733584 2.9962556882566145 2.9999999999999996 0.0 359.1569707607899 17.64325639414501 1843.1460092337516 0.0 374.7783701770083 19.438097700024198 3131.8299579354943 5.068824409E9 0.4709106303553332
444.0001133733586 2.9962556882566145 2.9999999999999996 0.0 359.1569707607899 17.64325639414501 1843.1460092337516 0.0 374.7783701770083 19.438097700024198 3131.8299579354943 5.068824409E9 0.4709106303553332
445.00011337335883 2.980164714779536 2.9999999999999996 0.0 358.7142001211911 17.831171147095024 1844.8333118267926 0.0 374.36388262707413 19.607212884512037 3137.4423345023206 5.068824409E9 0.46851942184279716
446.00011337335906 2.980164714779536 2.9999999999999996 0.0 358.7142001211911 17.831171147095024 1844.8333118267926 0.0 374.36388262707413 19.607212884512037 3137.4423345023206 5.068824409E9 0.46851942184279716
447.0001133733593 3.00300107663553 2.9999999999999996 0.0 46.79848211038866 11.46302827464124 104.48022961716013 0.0 329.74370504267023 14.869629687116209 1421.4404916167034 5.068824409E9 0.46978398240118435
448.0001133733595 3.00300107663553 2.9999999999999996 0.0 46.79848211038866 11.46302827464124 104.48022961716013 0.0 329.74370504267023 14.869629687116209 1421.4404916167034 5.068824409E9 0.46978398240118435
449.00011337335974 2.972918642711503 2.9999999999999996 0.0 53.464372600664746 11.22258444892358 108.14995072376651 0.0 331.45009479948965 14.997985363822165 1439.3736980842725 5.068824409E9 0.47244440205395544
450.00011337335997 2.972918642711503 2.9999999999999996 0.0 53.464372600664746 11.22258444892358 108.14995072376651 0.0 331.45009479948965 14.997985363822165 1439.3736980842725 5.068824409E9 0.47244440205395544
451.0001133733602 2.9180602129265067 2.9999999999999996 0.0 54.02031737052613 11.450147917723578 104.90499177341911 0.0 330.2037716125214 14.902388603431302 1430.744337444474 5.068824409E9 0.4815253417533184
452.0001133733604 2.9180602129265067 2.9999999999999996 0.0 54.02031737052613 11.450147917723578 104.90499177341911 0.0 330.2037716125214 14.902388603431302 1430.744337444474 5.068824409E9 0.4815253417533184
453.00011337336065 2.8578185784803045 2.9999999999999996 0.0 55.2996690930542 11.211623073040771 113.61282683116231 0.0 330.5921835727776 15.003808358867477 1434.8307772106525 5.068824409E9 0.491472657943024
454.0001133733609 2.8578185784803045 2.9999999999999996 0.0 55.2996690930542 11.211623073040771 113.61282683116231 0.0 330.5921835727776 15.003808358867477 1434.8307772106525 5.068824409E9 0.491472657943024
455.0001133733611 2.832044193556937 2.9999999999999996 0.0 53.586615958627696 11.096053136683265 103.35125406643208 0.0 330.87396530946336 14.886343046717887 1435.5077466773357 5.068824409E9 0.4955984241552911
456.00011337336133 2.832044193556937 2.9999999999999996 0.0 53.586615958627696 11.096053136683265 103.35125406643208 0.0 330.87396530946336 14.886343046717887 1435.5077466773357 5.068824409E9 0.4955984241552911
457.00011337336156 2.7868108658235453 2.9999999999999996 0.0 43.37501147079762 10.087471457723986 85.64977199462668 0.0 29.355688295790497 10.628552480390857 66.55311083988207 5.068824409E9 0.5045910181387825
458.0001133733618 2.7868108658235453 2.9999999999999996 0.0 43.37501147079762 10.087471457723986 85.64977199462668 0.0 29.355688295790497 10.628552480390857 66.55311083988207 5.068824409E9 0.5045910181387825
459.000113373362 2.691909169340816 2.9999999999999996 0.0 42.601627485673035 10.555450954124808 89.00614495446062 0.0 330.14259771678263 14.591704237830543 1425.0974093066534 5.068824409E9 0.5122796834297434
460.00011337336224 2.691909169340816 2.9999999999999996 0.0 42.601627485673035 10.555450954124808 89.00614495446062 0.0 330.14259771678263 14.591704237830543 1425.0974093066534 5.068824409E9 0.5122796834297434
461.00011337336247 2.673933045936404 2.9999999999999996 0.0 360.48591349884884 17.74630391167896 1923.192606281827 0.0 373.2980287217409 19.324663858060795 3138.0994172721244 5.068824409E9 0.5195953982509709
462.0001133733627 2.673933045936404 2.9999999999999996 0.0 360.48591349884884 17.74630391167896 1923.192606281827 0.0 373.2980287217409 19.324663858060795 3138.0994172721244 5.068824409E9 0.5195953982509709
463.0001133733629 2.6313881130246033 2.9999999999999996 0.0 359.0235760082483 17.467423647610378 1888.1282570835729 0.0 371.5745745024439 15.369609393496475 1798.5210241262287 5.068824409E9 0.5287175124067021
464.00011337336315 2.6313881130246033 2.9999999999999996 0.0 359.0235760082483 17.467423647610378 1888.1282570835729 0.0 371.5745745024439 15.369609393496475 1798.5210241262287 5.068824409E9 0.5287175124067021
465.0001133733634 2.5340943628718753 2.9999999999999996 0.0 44.55456662627553 11.05873599169741 99.04609293165038 0.0 330.0452618146346 17.529850640967986 1979.0617852933901 5.068824409E9 0.5365030397265222
466.0001133733636 2.5340943628718753 2.9999999999999996 0.0 44.55456662627553 11.05873599169741 99.04609293165038 0.0 330.0452618146346 17.529850640967986 1979.0617852933901 5.068824409E9 0.5365030397265222
467.00011337336383 2.4977421297113636 2.9999999999999996 0.0 48.65688961750058 11.278327381965367 109.11192010481965 0.0 327.8547466699332 17.52733084422796 1957.9195919481274 5.068824409E9 0.540552951428457
468.00011337336406 2.4977421297113636 2.9999999999999996 0.0 48.65688961750058 11.278327381965367 109.11192010481965 0.0 327.8547466699332 17.52733084422796 1957.9195919481274 5.068824409E9 0.540552951428457
469.0001133733643 2.485747670821811 2.9999999999999996 0.0 320.9419891716023 23.735367662218437 2664.482147316924 0.0 328.11136502896414 22.34408222419887 3557.7026419861477 5.068824409E9 0.5469740795559693
470.0001133733645 2.485747670821811 2.9999999999999996 0.0 320.9419891716023 23.735367662218437 2664.482147316924 0.0 328.11136502896414 22.34408222419887 3557.7026419861477 5.068824409E9 0.5469740795559693
471.00011337336474 2.36925862985581 2.9999999999999996 0.0 359.7094907647065 18.149899334811106 1897.1000181779693 0.0 372.8892610589871 22.068298845564748 3662.394595594223 5.068824409E9 0.556061636283237
472.00011337336497 2.36925862985581 2.9999999999999996 0.0 359.7094907647065 18.149899334811106 1897.1000181779693 0.0 372.8892610589871 22.068298845564748 3662.394595594223 5.068824409E9 0.556061636283237
473.0001133733652 2.365860972470409 2.9999999999999996 0.0 360.09166971727717 17.942371921810018 1916.3024611839837 0.0 374.30921052498644 21.97238460969102 3678.378556394086 5.068824409E9 0.5638795217122411
474.0001133733654 2.365860972470409 2.9999999999999996 0.0 360.09166971727717 17.942371921810018 1916.3024611839837 0.0 374.30921052498644 21.97238460969102 3678.378556394086 5.068824409E9 0.5638795217122411
475.00011337336565 2.2850259198983753 2.9999999999999996 0.0 361.0502239883721 18.4499810522075 1921.5030465890218 0.0 374.672890207267 22.064871937010818 3677.1209574267364 5.068824409E9 0.5653081344929964
476.0001133733659 2.2850259198983753 2.9999999999999996 0.0 361.0502239883721 18.4499810522075 1921.5030465890218 0.0 374.672890207267 22.064871937010818 3677.1209574267364 5.068824409E9 0.5653081344929964
477.0001133733661 2.236215775066953 2.9999999999999996 0.0 57.512002842670654 11.233307675158233 127.08699944593367 0.0 328.27737064288345 17.68096213019227 1983.6475123782693 5.068824409E9 0.5727743754581684
478.00011337336633 2.236215775066953 2.9999999999999996 0.0 57.512002842670654 11.233307675158233 127.08699944593367 0.0 328.27737064288345 17.68096213019227 1983.6475123782693 5.068824409E9 0.5727743754581684
479.00011337336656 0.7639679947472111 3.1399999999999997 0.0 359.288470669221 18.713621682093194 1930.087570954777 0.0 373.38774080364965 22.239582194658247 3665.2146585159817 1.77820992E8 0.5780949891746024
480.0001133733668 0.7639679947472111 3.1399999999999997 0.0 359.288470669221 18.713621682093194 1930.087570954777 0.0 373.38774080364965 22.239582194658247 3665.2146585159817 1.77820992E8 0.5780949891746024
481.000113373367 0.789166286665328 3.1399999999999997 0.0 83.98610645719882 12.647491568731727 149.48045887035047 0.0 251.69670786402966 20.240239583144735 1764.617862222778 1.77820992E8 0.5816088614353299
482.00011337336724 0.789166286665328 3.1399999999999997 0.0 83.98610645719882 12.647491568731727 149.48045887035047 0.0 251.69670786402966 20.240239583144735 1764.617862222778 1.77820992E8 0.5816088614353299
483.00011337336747 0.8131224342889196 3.1399999999999997 0.0 333.2087281944151 17.13290300197032 1684.7404848164917 0.0 287.0002423828709 21.960262416153373 2526.6344973655623 1.77820992E8 0.590479943028839
484.0001133733677 0.8131224342889196 3.1399999999999997 0.0 333.2087281944151 17.13290300197032 1684.7404848164917 0.0 287.0002423828709 21.960262416153373 2526.6344973655623 1.77820992E8 0.590479943028839
485.0001133733679 0.823039893390469 3.1399999999999997 0.0 334.31853776801495 17.43390446263829 1691.967847774272 0.0 287.3442826935641 21.862345885003243 2535.7464137354514 1.77820992E8 0.5967006394575962
486.00011337336815 0.823039893390469 3.1399999999999997 0.0 334.31853776801495 17.43390446263829 1691.967847774272 0.0 287.3442826935641 21.862345885003243 2535.7464137354514 1.77820992E8 0.5967006394575962
487.0001133733684 0.836595934821434 3.1399999999999997 0.0 335.27596013098696 18.26383017519023 1657.6281185356102 0.0 287.7127698109808 20.063859169733583 1934.0551406340173 1.77820992E8 0.5988953519839396
488.0001133733686 0.836595934821434 3.1399999999999997 0.0 335.27596013098696 18.26383017519023 1657.6281185356102 0.0 287.7127698109808 20.063859169733583 1934.0551406340173 1.77820992E8 0.5988953519839396
489.00011337336883 0.8776936745825246 3.1399999999999997 0.0 336.6754365895881 19.391982500264085 1713.7794327040108 0.0 287.9101401281836 20.793395857621046 1976.7268135662212 1.77820992E8 0.602942844633126
490.00011337336906 0.8776936745825246 3.1399999999999997 0.0 336.6754365895881 19.391982500264085 1713.7794327040108 0.0 287.9101401281836 20.793395857621046 1976.7268135662212 1.77820992E8 0.602942844633126
491.0001133733693 0.886856121170986 3.1399999999999997 0.0 336.4125687172118 18.171034853821205 1782.410091158152 0.0 289.4235350350395 19.95603835770711 1963.9152377232579 1.77820992E8 0.6072544313248751
492.0001133733695 0.886856121170986 3.1399999999999997 0.0 336.4125687172118 18.171034853821205 1782.410091158152 0.0 289.4235350350395 19.95603835770711 1963.9152377232579 1.77820992E8 0.6072544313248751
493.00011337336974 0.926200386376018 3.1399999999999997 0.0 337.384540041857 17.817129154819057 1699.3982872385352 0.0 289.33430994761136 20.037866822722197 1960.1146419865065 1.77820992E8 0.6076725464070168
494.00011337336997 0.926200386376018 3.1399999999999997 0.0 337.384540041857 17.817129154819057 1699.3982872385352 0.0 289.33430994761136 20.037866822722197 1960.1146419865065 1.77820992E8 0.6076725464070168
495.0001133733702 0.9424971890515155 3.1399999999999997 0.0 337.938509027015 18.403479541229434 1771.3635644190213 0.0 289.5963151144127 20.235854353046907 1969.4105764720541 1.77820992E8 0.6180226062059285
496.0001133733704 0.9424971890515155 3.1399999999999997 0.0 337.938509027015 18.403479541229434 1771.3635644190213 0.0 289.5963151144127 20.235854353046907 1969.4105764720541 1.77820992E8 0.6180226062059285
497.00011337337065 0.9822049540232811 3.1399999999999997 0.0 337.12861156329024 18.50002083036388 1758.018926521275 0.0 288.7563526219208 20.517691407235883 1946.937841998705 1.77820992E8 0.6200773701937298
498.0001133733709 0.9822049540232811 3.1399999999999997 0.0 337.12861156329024 18.50002083036388 1758.018926521275 0.0 288.7563526219208 20.517691407235883 1946.937841998705 1.77820992E8 0.6200773701937298
499.0001133733711 0.9969919631447097 3.1399999999999997 0.0 337.924622122291 18.873807860902332 1731.586851843063 0.0 288.8299354574361 20.369476712107545 1945.6305308958927 1.77820992E8 0.6257482508239162
500.00011337337133 0.9969919631447097 3.1399999999999997 0.0 337.924622122291 18.873807860902332 1731.586851843063 0.0 288.8299354574361 20.369476712107545 1945.6305308958927 1.77820992E8 0.6257482508239162
501.00011337337156 1.0338724198246372 3.1399999999999997 0.0 339.34654498437396 18.72967166368463 1751.5725105981974 0.0 290.7329983359784 20.58374322709652 1955.2566443204878 1.77820992E8 0.6213627524933207
502.0001133733718 1.0338724198246372 3.1399999999999997 0.0 339.34654498437396 18.72967166368463 1751.5725105981974 0.0 290.7329983359784 20.58374322709652 1955.2566443204878 1.77820992E8 0.6213627524933207
503.000113373372 1.0732199364527544 3.1399999999999997 0.0 339.75406462248986 19.30946179648352 1804.5621065853516 0.0 291.4769419014709 21.77299194937529 2025.47032420241 1.77820992E8 0.622836554524386
504.00011337337224 1.0732199364527544 3.1399999999999997 0.0 339.75406462248986 19.30946179648352 1804.5621065853516 0.0 291.4769419014709 21.77299194937529 2025.47032420241 1.77820992E8 0.622836554524386
505.00011337337247 1.0855214705140417 3.1399999999999997 0.0 339.51462037855066 18.764533482404506 1755.637902946238 0.0 290.07279359754824 20.43983401895597 1959.6494517853796 1.77820992E8 0.6259444432061245
506.0001133733727 1.0855214705140417 3.1399999999999997 0.0 339.51462037855066 18.764533482404506 1755.637902946238 0.0 290.07279359754824 20.43983401895597 1959.6494517853796 1.77820992E8 0.6259444432061245
507.0001133733729 1.1403505626055013 3.1399999999999997 0.0 339.8287043922226 18.37094286656814 1717.938550313119 0.0 290.61465166717767 19.38845746225443 1534.5176279027278 1.77820992E8 0.6312334561744792
508.00011337337315 1.1403505626055013 3.1399999999999997 0.0 339.8287043922226 18.37094286656814 1717.938550313119 0.0 290.61465166717767 19.38845746225443 1534.5176279027278 1.77820992E8 0.6312334561744792
509.0001133733734 1.152714747279064 3.1399999999999997 0.0 341.1837452836355 18.53445289123397 1778.5443519605951 0.0 291.3559421766201 20.345091093770552 1973.459789830578 1.77820992E8 0.6281916867637766
510.0001133733736 1.152714747279064 3.1399999999999997 0.0 341.1837452836355 18.53445289123397 1778.5443519605951 0.0 291.3559421766201 20.345091093770552 1973.459789830578 1.77820992E8 0.6281916867637766
511.00011337337384 1.1902784665359762 3.1399999999999997 0.0 341.07428696063687 18.32950068365182 1781.901586190838 0.0 291.13053188549003 20.234577307023837 1945.7912344414121 1.77820992E8 0.6334195430642775
512.000113373374 1.1902784665359762 3.1399999999999997 0.0 341.07428696063687 18.32950068365182 1781.901586190838 0.0 291.13053188549003 20.234577307023837 1945.7912344414121 1.77820992E8 0.6334195430642775
513.0001133733742 1.2488694328979175 3.1399999999999997 0.0 341.31029361570563 18.85370595777514 1750.9868515367518 0.0 291.09049258590323 20.237457420199977 1945.8832104930912 1.77820992E8 0.6316529310712734
514.0001133733745 1.2488694328979175 3.1399999999999997 0.0 341.31029361570563 18.85370595777514 1750.9868515367518 0.0 291.09049258590323 20.237457420199977 1945.8832104930912 1.77820992E8 0.6316529310712734
515.0001133733747 1.288998783728896 3.1399999999999997 0.0 339.21084733092874 17.912435811350278 1740.4873335467869 0.0 290.2155486738211 20.246792025471215 1931.2896279319484 1.77820992E8 0.6324816302512469
516.0001133733749 1.288998783728896 3.1399999999999997 0.0 339.21084733092874 17.912435811350278 1740.4873335467869 0.0 290.2155486738211 20.246792025471215 1931.2896279319484 1.77820992E8 0.6324816302512469
517.0001133733751 1.3376222767479489 3.1399999999999997 0.0 340.13109293702337 18.72355143620703 1749.4674062230956 0.0 290.52440487509983 20.393260922362735 1939.1543138331429 1.77820992E8 0.6372621597166871
518.0001133733754 1.3376222767479489 3.1399999999999997 0.0 340.13109293702337 18.72355143620703 1749.4674062230956 0.0 290.52440487509983 20.393260922362735 1939.1543138331429 1.77820992E8 0.6372621597166871
519.0001133733756 1.3334241307165047 3.1399999999999997 0.0 339.3086845484428 19.198140632343613 1742.5432253007218 0.0 289.4937419633445 20.511039523755645 1925.322107433737 1.77820992E8 0.6329454685508987
520.0001133733758 1.3334241307165047 3.1399999999999997 0.0 339.3086845484428 19.198140632343613 1742.5432253007218 0.0 289.4937419633445 20.511039523755645 1925.322107433737 1.77820992E8 0.6329454685508987
521.000113373376 1.3890247167000613 3.1399999999999997 0.0 339.11164931126416 19.130092235862914 1740.2709267974444 0.0 289.0253226578408 20.684398173863112 1926.5607798273477 1.77820992E8 0.6335191751254189
522.0001133733763 1.3890247167000613 3.1399999999999997 0.0 339.11164931126416 19.130092235862914 1740.2709267974444 0.0 289.0253226578408 20.684398173863112 1926.5607798273477 1.77820992E8 0.6335191751254189
523.0001133733765 1.4436425146780643 3.1399999999999997 0.0 338.1524339120973 19.085847782808248 1783.327931389747 0.0 289.64283249730164 20.607781921242903 1923.2728730268498 1.77820992E8 0.6332244144302919
524.0001133733767 1.4436425146780643 3.1399999999999997 0.0 338.1524339120973 19.085847782808248 1783.327931389747 0.0 289.64283249730164 20.607781921242903 1923.2728730268498 1.77820992E8 0.6332244144302919
525.000113373377 1.489675257093242 3.1399999999999997 0.0 342.20180768829573 20.88486461933259 2120.2803157727185 0.0 440.7558362129433 24.902720532216623 3831.4871412158923 1.77820992E8 0.633842678667327
526.0001133733772 1.489675257093242 3.1399999999999997 0.0 342.20180768829573 20.88486461933259 2120.2803157727185 0.0 440.7558362129433 24.902720532216623 3831.4871412158923 1.77820992E8 0.633842678667327
527.0001133733774 1.5472975350062703 3.1399999999999997 0.0 344.0976843237481 19.14988130261097 1887.6850524649628 0.0 290.17878885322125 18.99520767115446 1454.6825589385662 1.77820992E8 0.6325350293017494
528.0001133733776 1.5472975350062703 3.1399999999999997 0.0 344.0976843237481 19.14988130261097 1887.6850524649628 0.0 290.17878885322125 18.99520767115446 1454.6825589385662 1.77820992E8 0.6325350293017494
529.0001133733779 1.616605273931497 3.1399999999999997 0.0 345.2462700736258 19.630901055348875 1955.2469345608044 0.0 291.66588623153217 19.381375740022182 1479.3783040590245 1.77820992E8 0.6272610835654483
530.0001133733781 1.616605273931497 3.1399999999999997 0.0 345.2462700736258 19.630901055348875 1955.2469345608044 0.0 291.66588623153217 19.381375740022182 1479.3783040590245 1.77820992E8 0.6272610835654483
531.0001133733783 1.6167951346196094 3.1399999999999997 0.0 345.31666797010513 19.73238467460953 1967.5248684446472 0.0 291.54171255966054 21.014903933525368 1974.0867774125413 1.77820992E8 0.6296705508138762
532.0001133733786 1.6167951346196094 3.1399999999999997 0.0 345.31666797010513 19.73238467460953 1967.5248684446472 0.0 291.54171255966054 21.014903933525368 1974.0867774125413 1.77820992E8 0.6296705508138762
533.0001133733788 1.6851829557523885 3.1399999999999997 0.0 345.44185916035616 19.340314341553057 1876.5381030798885 0.0 292.76509182295416 19.180961269649355 1879.5386917060785 1.77820992E8 0.6297673220947617
534.000113373379 1.6851829557523885 3.1399999999999997 0.0 345.44185916035616 19.340314341553057 1876.5381030798885 0.0 292.76509182295416 19.180961269649355 1879.5386917060785 1.77820992E8 0.6297673220947617
535.0001133733792 1.746641951343029 3.1399999999999997 0.0 345.165399082593 21.65165631766206 2180.6871426239936 0.0 292.0335472222516 21.46414442357078 1953.402656376204 1.77820992E8 0.6231860648127137
536.0001133733795 1.746641951343029 3.1399999999999997 0.0 345.165399082593 21.65165631766206 2180.6871426239936 0.0 292.0335472222516 21.46414442357078 1953.402656376204 1.77820992E8 0.6231860648127137
537.0001133733797 1.7207362048941792 3.1399999999999997 0.0 345.47327020419044 20.492265735498314 2049.3997975729526 0.0 292.52167614764477 19.93996684806459 1468.1418685941953 1.77820992E8 0.626385245484944
538.0001133733799 1.7207362048941792 3.1399999999999997 0.0 345.47327020419044 20.492265735498314 2049.3997975729526 0.0 292.52167614764477 19.93996684806459 1468.1418685941953 1.77820992E8 0.626385245484944
539.0001133733801 1.073077404093603 3.1399999999999997 0.0 346.098068904649 21.084006285405557 2070.717144013244 0.0 353.26403475055866 23.998538072510602 2961.2540369458175 3.0950675E8 0.6236536877115274
540.0001133733804 1.073077404093603 3.1399999999999997 0.0 346.098068904649 21.084006285405557 2070.717144013244 0.0 353.26403475055866 23.998538072510602 2961.2540369458175 3.0950675E8 0.6236536877115274
541.0001133733806 1.065148687231988 3.1399999999999997 0.0 29.49399755325292 9.337527306811348 61.0750903262164 0.0 302.2870352490484 13.57083570527544 1187.5566406630576 3.0950675E8 0.6172960927033686
542.0001133733808 1.065148687231988 3.1399999999999997 0.0 29.49399755325292 9.337527306811348 61.0750903262164 0.0 302.2870352490484 13.57083570527544 1187.5566406630576 3.0950675E8 0.6172960927033686
543.000113373381 1.0333296818760285 3.1399999999999997 0.0 29.262490340789878 9.564671111079987 61.82706221852505 0.0 302.36864439604864 13.696631519380926 1187.4892663399326 3.0950675E8 0.6160144495925133
544.0001133733813 1.0333296818760285 3.1399999999999997 0.0 29.262490340789878 9.564671111079987 61.82706221852505 0.0 302.36864439604864 13.696631519380926 1187.4892663399326 3.0950675E8 0.6160144495925133
545.0001133733815 0.9999562619465674 3.1399999999999997 0.0 30.538295263231287 9.434872893474392 58.12778785833488 0.0 302.60525160781134 13.744083627724631 1190.3703125706193 3.0950675E8 0.6128099535943788
546.0001133733817 0.9999562619465674 3.1399999999999997 0.0 30.538295263231287 9.434872893474392 58.12778785833488 0.0 302.60525160781134 13.744083627724631 1190.3703125706193 3.0950675E8 0.6128099535943788
547.000113373382 0.9743290799876159 3.1399999999999997 0.0 31.50202543070384 9.535647498009416 57.81156034316699 0.0 303.7737011090547 13.835457044102215 1201.2181699018474 3.0950675E8 0.6065144088919072
548.0001133733822 0.9743290799876159 3.1399999999999997 0.0 31.50202543070384 9.535647498009416 57.81156034316699 0.0 303.7737011090547 13.835457044102215 1201.2181699018474 3.0950675E8 0.6065144088919072
549.0001133733824 0.9637881017151075 3.1399999999999997 0.0 36.05520801325817 9.505399557137132 64.8074105755783 0.0 303.85884788574634 13.89467864155962 1204.2161900280284 3.0950675E8 0.6045302986048157
550.0001133733826 0.9637881017151075 3.1399999999999997 0.0 36.05520801325817 9.505399557137132 64.8074105755783 0.0 303.85884788574634 13.89467864155962 1204.2161900280284 3.0950675E8 0.6045302986048157
551.0001133733829 0.9298987692829028 3.1399999999999997 0.0 42.25999506148928 9.360371149209183 71.03700386778266 0.0 305.1679561098368 13.949585346730801 1214.3153459940766 3.0950675E8 0.6021122103026152
552.0001133733831 0.9298987692829028 3.1399999999999997 0.0 42.25999506148928 9.360371149209183 71.03700386778266 0.0 305.1679561098368 13.949585346730801 1214.3153459940766 3.0950675E8 0.6021122103026152
553.0001133733833 0.919787911941049 3.1399999999999997 0.0 35.14642603698012 9.745370742447239 68.44980416949103 0.0 305.24581485928843 14.39869071854021 1219.744529321385 3.0950675E8 0.5958807502730172
554.0001133733836 0.919787911941049 3.1399999999999997 0.0 35.14642603698012 9.745370742447239 68.44980416949103 0.0 305.24581485928843 14.39869071854021 1219.744529321385 3.0950675E8 0.5958807502730172
555.0001133733838 0.8758560119127814 3.1399999999999997 0.0 36.044915514643726 10.472614005625243 71.8075158220032 0.0 305.7082633777929 14.468281798996701 1229.5175559127715 3.0950675E8 0.5919345481514522
556.000113373384 0.8758560119127814 3.1399999999999997 0.0 36.044915514643726 10.472614005625243 71.8075158220032 0.0 305.7082633777929 14.468281798996701 1229.5175559127715 3.0950675E8 0.5919345481514522
557.0001133733842 0.8757564687490298 3.1399999999999997 0.0 423.27821444466537 20.144193742510005 2715.8440465020876 0.0 434.1653650103651 20.049133422465015 3581.2878049387828 3.0950675E8 0.5860041901859759
558.0001133733845 0.8757564687490298 3.1399999999999997 0.0 423.27821444466537 20.144193742510005 2715.8440465020876 0.0 434.1653650103651 20.049133422465015 3581.2878049387828 3.0950675E8 0.5860041901859759
559.0001133733847 0.8629848489816687 3.1399999999999997 0.0 421.5841810211429 20.465861524950192 2683.9626142982993 0.0 433.5054022907748 19.969935342745227 3570.2910844654293 3.0950675E8 0.580880233778152
560.0001133733849 0.8629848489816687 3.1399999999999997 0.0 421.5841810211429 20.465861524950192 2683.9626142982993 0.0 433.5054022907748 19.969935342745227 3570.2910844654293 3.0950675E8 0.580880233778152
561.0001133733851 0.8437836970503503 3.1399999999999997 0.0 422.67432901015565 20.173905062164412 2706.311443593415 0.0 434.25948056948164 19.975057815013855 3575.402934486304 3.0950675E8 0.5764271896502364
562.0001133733854 0.8437836970503503 3.1399999999999997 0.0 422.67432901015565 20.173905062164412 2706.311443593415 0.0 434.25948056948164 19.975057815013855 3575.402934486304 3.0950675E8 0.5764271896502364
563.0001133733856 0.8322907510248359 3.1399999999999997 0.0 423.6418780588213 20.007111768653917 2675.2939787533564 0.0 436.5612154285538 20.065742416346065 3595.456309603631 3.0950675E8 0.5676341071003572
564.0001133733858 0.8322907510248359 3.1399999999999997 0.0 423.6418780588213 20.007111768653917 2675.2939787533564 0.0 436.5612154285538 20.065742416346065 3595.456309603631 3.0950675E8 0.5676341071003572
565.0001133733861 0.7973724595466638 3.1399999999999997 0.0 424.36246455929023 19.66989230940948 2693.7281245271574 0.0 436.6618533249052 20.053680623309667 3597.713579197356 3.0950675E8 0.5621861440042223
566.0001133733863 0.7973724595466638 3.1399999999999997 0.0 424.36246455929023 19.66989230940948 2693.7281245271574 0.0 436.6618533249052 20.053680623309667 3597.713579197356 3.0950675E8 0.5621861440042223
567.0001133733865 0.7941716098993283 3.1399999999999997 0.0 424.94619239241786 18.978203804462932 2644.925654198641 0.0 438.4788485965234 20.160386341786925 3614.0626510171032 3.0950675E8 0.557060689685787
568.0001133733867 0.7941716098993283 3.1399999999999997 0.0 424.94619239241786 18.978203804462932 2644.925654198641 0.0 438.4788485965234 20.160386341786925 3614.0626510171032 3.0950675E8 0.557060689685787
569.000113373387 0.7822435592847095 3.1399999999999997 0.0 423.68724322677997 20.06143091714901 2624.8857256627143 0.0 437.02736352018366 20.482515918684907 3589.859782421753 3.0950675E8 0.5479633112888483
570.0001133733872 0.7822435592847095 3.1399999999999997 0.0 423.68724322677997 20.06143091714901 2624.8857256627143 0.0 437.02736352018366 20.482515918684907 3589.859782421753 3.0950675E8 0.5479633112888483
571.0001133733874 0.7626218478046096 3.1399999999999997 0.0 41.87412325327693 11.533055072369475 104.52304463520447 0.0 305.120047154456 14.998530858054917 1222.2312479860798 3.0950675E8 0.5482148658325602
572.0001133733876 0.7626218478046096 3.1399999999999997 0.0 41.87412325327693 11.533055072369475 104.52304463520447 0.0 305.120047154456 14.998530858054917 1222.2312479860798 3.0950675E8 0.5482148658325602
573.0001133733879 0.7531534700941234 3.1399999999999997 0.0 424.7758571302187 20.157157223106015 2682.4965341649886 0.0 437.23743323428465 20.794693332796786 3598.416587096862 3.0950675E8 0.540554910485771
574.0001133733881 0.7531534700941234 3.1399999999999997 0.0 424.7758571302187 20.157157223106015 2682.4965341649886 0.0 437.23743323428465 20.794693332796786 3598.416587096862 3.0950675E8 0.540554910485771
575.0001133733883 0.7463375318843186 3.1399999999999997 0.0 424.9870082412942 20.72246444947604 2793.354564641164 0.0 436.7404834208334 20.825133239700683 3593.1275084284057 3.0950675E8 0.5327650613684616
576.0001133733886 0.7463375318843186 3.1399999999999997 0.0 424.9870082412942 20.72246444947604 2793.354564641164 0.0 436.7404834208334 20.825133239700683 3593.1275084284057 3.0950675E8 0.5327650613684616
577.0001133733888 0.7329197150995412 3.1399999999999997 0.0 423.83589844434835 19.394153227560974 2678.638848212968 0.0 437.11431945110024 21.12281908956297 3607.837898565542 3.0950675E8 0.5209075183913175
578.000113373389 0.7329197150995412 3.1399999999999997 0.0 423.83589844434835 19.394153227560974 2678.638848212968 0.0 437.11431945110024 21.12281908956297 3607.837898565542 3.0950675E8 0.5209075183913175
579.0001133733892 0.7374882036339192 3.1399999999999997 0.0 422.9274703880004 19.540449565308542 2665.8941357422964 0.0 438.6256734892693 21.35703685595987 3617.609530064905 3.0950675E8 0.5134001191423639
580.0001133733895 0.7374882036339192 3.1399999999999997 0.0 422.9274703880004 19.540449565308542 2665.8941357422964 0.0 438.6256734892693 21.35703685595987 3617.609530064905 3.0950675E8 0.5134001191423639
581.0001133733897 0.722645700846307 3.1399999999999997 0.0 424.3715576674019 18.987023532728546 2575.525124279927 0.0 440.2852410191634 21.176791074345562 3637.448390855867 3.0950675E8 0.5075572622140886
582.0001133733899 0.722645700846307 3.1399999999999997 0.0 424.3715576674019 18.987023532728546 2575.525124279927 0.0 440.2852410191634 21.176791074345562 3637.448390855867 3.0950675E8 0.5075572622140886
583.0001133733901 0.7171531444331245 3.1399999999999997 0.0 425.59651679611693 17.808169503425933 2587.383412809656 0.0 441.7054142045499 20.585925996816837 3651.8462031326144 3.0950675E8 0.49859107803309394
584.0001133733904 0.7171531444331245 3.1399999999999997 0.0 425.59651679611693 17.808169503425933 2587.383412809656 0.0 441.7054142045499 20.585925996816837 3651.8462031326144 3.0950675E8 0.49859107803309394
585.0001133733906 0.706835498280604 3.1399999999999997 0.0 424.2062904330254 18.05821568609119 2579.002892615206 0.0 440.47339319278643 20.562500138073094 3619.3079165369413 3.0950675E8 0.49162733741913667
586.0001133733908 0.706835498280604 3.1399999999999997 0.0 424.2062904330254 18.05821568609119 2579.002892615206 0.0 440.47339319278643 20.562500138073094 3619.3079165369413 3.0950675E8 0.49162733741913667
587.0001133733911 0.7077517378525995 3.1399999999999997 0.0 423.94174574886927 18.97432236293334 2573.4069692969415 0.0 439.8067154881185 20.656562374390713 3623.3672579828694 3.0950675E8 0.4853264199438421
588.0001133733913 0.7077517378525995 3.1399999999999997 0.0 423.94174574886927 18.97432236293334 2573.4069692969415 0.0 439.8067154881185 20.656562374390713 3623.3672579828694 3.0950675E8 0.4853264199438421
589.0001133733915 0.7132051126710133 3.1399999999999997 0.0 426.6974130035369 18.47413877553615 2618.629624320975 0.0 441.55923045524963 20.886116635569504 3639.4207934280844 3.0950675E8 0.47332656359850434
590.0001133733917 0.7132051126710133 3.1399999999999997 0.0 426.6974130035369 18.47413877553615 2618.629624320975 0.0 441.55923045524963 20.886116635569504 3639.4207934280844 3.0950675E8 0.47332656359850434
591.000113373392 0.7056582111573706 3.1399999999999997 0.0 428.49694128340053 18.32905393631259 2641.3028158954885 0.0 442.0048961129525 20.92763476271518 3633.5928372193325 3.0950675E8 0.46511325865054354
592.0001133733922 0.7056582111573706 3.1399999999999997 0.0 428.49694128340053 18.32905393631259 2641.3028158954885 0.0 442.0048961129525 20.92763476271518 3633.5928372193325 3.0950675E8 0.46511325865054354
593.0001133733924 0.7101022168801248 3.1399999999999997 0.0 428.54609050193096 18.5144666539367 2649.1003670102577 0.0 441.3821690236748 20.7671181990496 3626.1917049254826 3.0950675E8 0.45818351554502756
594.0001133733927 0.7101022168801248 3.1399999999999997 0.0 428.54609050193096 18.5144666539367 2649.1003670102577 0.0 441.3821690236748 20.7671181990496 3626.1917049254826 3.0950675E8 0.45818351554502756
595.0001133733929 0.709005466774246 3.1399999999999997 0.0 427.6273061456068 18.035782098003295 2596.0481102127883 0.0 440.7278193538397 20.543459162923376 3614.0013698899397 3.0950675E8 0.45597465662957704
596.0001133733931 0.709005466774246 3.1399999999999997 0.0 427.6273061456068 18.035782098003295 2596.0481102127883 0.0 440.7278193538397 20.543459162923376 3614.0013698899397 3.0950675E8 0.45597465662957704
597.0001133733933 0.708639150960839 3.1399999999999997 0.0 428.1839385435396 17.86158806413075 2592.1436431809525 0.0 438.5248943857357 20.576844998950445 3597.387613528116 3.0950675E8 0.4571539397735503
598.0001133733936 0.708639150960839 3.1399999999999997 0.0 428.1839385435396 17.86158806413075 2592.1436431809525 0.0 438.5248943857357 20.576844998950445 3597.387613528116 3.0950675E8 0.4571539397735503
599.0001133733938 0.7084890956752521 3.1399999999999997 0.0 427.67843216126596 16.997039212856734 2627.2786946904666 0.0 439.09683596424384 20.473488268419032 3613.9837438639047 5.108132243E9 0.462826704779279
600.000113373394 0.7084890956752521 3.1399999999999997 0.0 427.67843216126596 16.997039212856734 2627.2786946904666 0.0 439.09683596424384 20.473488268419032 3613.9837438639047 5.108132243E9 0.462826704779279
601.0001133733942 0.7123059304865846 3.1399999999999997 0.0 428.6809853316598 17.035795600268116 2599.653778292146 0.0 440.4652731233845 20.453564832526773 3631.7297083553117 5.108132243E9 0.46752468879372044
602.0001133733945 0.7123059304865846 3.1399999999999997 0.0 428.6809853316598 17.035795600268116 2599.653778292146 0.0 440.4652731233845 20.453564832526773 3631.7297083553117 5.108132243E9 0.46752468879372044
603.0001133733947 0.707114643185371 3.1399999999999997 0.0 427.48318938122304 17.376351837352306 2592.8614227674034 0.0 439.14360717881453 20.66625119256671 3607.200042580473 5.108132243E9 0.4801066911504619
604.0001133733949 0.707114643185371 3.1399999999999997 0.0 427.48318938122304 17.376351837352306 2592.8614227674034 0.0 439.14360717881453 20.66625119256671 3607.200042580473 5.108132243E9 0.4801066911504619
605.0001133733952 0.7164225848431942 3.1399999999999997 0.0 427.49192153635954 17.92421340094797 2590.359549127005 0.0 439.11419636395954 21.059520146952284 3600.8096010338836 5.108132243E9 0.48614847969929925
606.0001133733954 0.7164225848431942 3.1399999999999997 0.0 427.49192153635954 17.92421340094797 2590.359549127005 0.0 439.11419636395954 21.059520146952284 3600.8096010338836 5.108132243E9 0.48614847969929925
607.0001133733956 0.706720836671743 3.1399999999999997 0.0 427.71914602486606 17.57033522179936 2596.5218678503625 0.0 440.6871472577962 20.898499805978826 3624.621824025001 5.108132243E9 0.49379781376762216
608.0001133733958 0.706720836671743 3.1399999999999997 0.0 427.71914602486606 17.57033522179936 2596.5218678503625 0.0 440.6871472577962 20.898499805978826 3624.621824025001 5.108132243E9 0.49379781376762216
609.0001133733961 0.7229701725228119 3.1399999999999997 0.0 426.86022510343787 17.224023587725963 2540.8678082260467 0.0 439.64234709889774 20.87214404782633 3606.4086709272674 5.108132243E9 0.5067144164825463
610.0001133733963 0.7229701725228119 3.1399999999999997 0.0 426.86022510343787 17.224023587725963 2540.8678082260467 0.0 439.64234709889774 20.87214404782633 3606.4086709272674 5.108132243E9 0.5067144164825463
611.0001133733965 0.7345990574342967 3.1399999999999997 0.0 426.6459175203362 18.764098695444414 2604.0570379189476 0.0 438.8794508577341 20.973449987893552 3595.165260720363 5.108132243E9 0.5119252430313546
612.0001133733967 0.7345990574342967 3.1399999999999997 0.0 426.6459175203362 18.764098695444414 2604.0570379189476 0.0 438.8794508577341 20.973449987893552 3595.165260720363 5.108132243E9 0.5119252430313546
613.000113373397 0.7329599555001183 3.1399999999999997 0.0 425.1318643807232 19.00759341244217 2582.6339953596544 0.0 437.5542986319186 21.043278230664626 3581.65758595089 5.108132243E9 0.5169502193452241
614.0001133733972 0.7329599555001183 3.1399999999999997 0.0 425.1318643807232 19.00759341244217 2582.6339953596544 0.0 437.5542986319186 21.043278230664626 3581.65758595089 5.108132243E9 0.5169502193452241
615.0001133733974 0.740725405317253 3.1399999999999997 0.0 426.285645945452 18.128755698603033 2564.645202389822 0.0 438.04085427015025 21.16012495912544 3586.5552174518366 5.108132243E9 0.5250980317492286
616.0001133733977 0.740725405317253 3.1399999999999997 0.0 426.285645945452 18.128755698603033 2564.645202389822 0.0 438.04085427015025 21.16012495912544 3586.5552174518366 5.108132243E9 0.5250980317492286
617.0001133733979 0.7494241922843861 3.1399999999999997 0.0 425.583840214475 18.37999445520276 2554.6486809856337 0.0 438.10420311283855 21.055345498267577 3587.62605623417 5.108132243E9 0.5325649986428576
618.0001133733981 0.7494241922843861 3.1399999999999997 0.0 425.583840214475 18.37999445520276 2554.6486809856337 0.0 438.10420311283855 21.055345498267577 3587.62605623417 5.108132243E9 0.5325649986428576
619.0001133733983 0.7654302803027904 3.1399999999999997 0.0 426.115501951695 19.293361851462326 2578.867883238901 0.0 437.1812576184186 21.021897128651524 3583.550493966553 5.108132243E9 0.5410794971155716
620.0001133733986 0.7654302803027904 3.1399999999999997 0.0 426.115501951695 19.293361851462326 2578.867883238901 0.0 437.1812576184186 21.021897128651524 3583.550493966553 5.108132243E9 0.5410794971155716
621.0001133733988 0.7549217515947733 3.1399999999999997 0.0 426.6820684952572 18.81074799868913 2579.7343788502944 0.0 437.0502733648072 20.84002344854211 3576.9336331604904 5.108132243E9 0.5465964191316633
622.000113373399 0.7549217515947733 3.1399999999999997 0.0 426.6820684952572 18.81074799868913 2579.7343788502944 0.0 437.0502733648072 20.84002344854211 3576.9336331604904 5.108132243E9 0.5465964191316633
623.0001133733992 0.7841705752797201 3.1399999999999997 0.0 426.5718637815074 18.609090371322594 2546.2409386195 0.0 437.2322789770663 20.985169946921104 3561.784776360178 5.108132243E9 0.5508790996528748
624.0001133733995 0.7841705752797201 3.1399999999999997 0.0 426.5718637815074 18.609090371322594 2546.2409386195 0.0 437.2322789770663 20.985169946921104 3561.784776360178 5.108132243E9 0.5508790996528748
625.0001133733997 0.7952974804391917 3.1399999999999997 0.0 426.7854840696555 18.280790797220153 2515.4903666627424 0.0 437.2172240028062 21.282744628696822 3566.9167920936825 5.108132243E9 0.5623314908958233
626.0001133733999 0.7952974804391917 3.1399999999999997 0.0 426.7854840696555 18.280790797220153 2515.4903666627424 0.0 437.2172240028062 21.282744628696822 3566.9167920936825 5.108132243E9 0.5623314908958233
627.0001133734002 0.819586176667495 3.1399999999999997 0.0 427.47615002471457 19.728779046836717 2630.626995161794 0.0 438.0187251541169 21.331215864812645 3572.64056275928 5.108132243E9 0.5661606938830587
628.0001133734004 0.819586176667495 3.1399999999999997 0.0 427.47615002471457 19.728779046836717 2630.626995161794 0.0 438.0187251541169 21.331215864812645 3572.64056275928 5.108132243E9 0.5661606938830587
629.0001133734006 0.8331968181249041 3.1399999999999997 0.0 428.2497520156165 21.37144680287661 2787.744352226838 0.0 436.8834182000043 21.50055282011891 3548.3941541875206 5.108132243E9 0.5703821430701239
630.0001133734008 0.8331968181249041 3.1399999999999997 0.0 428.2497520156165 21.37144680287661 2787.744352226838 0.0 436.8834182000043 21.50055282011891 3548.3941541875206 5.108132243E9 0.5703821430701239
631.0001133734011 0.8568706008080367 3.1399999999999997 0.0 429.4872408534111 21.95809640779676 2798.9146524377506 0.0 438.2926182505142 21.654370148777925 3555.7410401858224 5.108132243E9 0.5770457887184648
632.0001133734013 0.8568706008080367 3.1399999999999997 0.0 429.4872408534111 21.95809640779676 2798.9146524377506 0.0 438.2926182505142 21.654370148777925 3555.7410401858224 5.108132243E9 0.5770457887184648
633.0001133734015 0.862740517973519 3.1399999999999997 0.0 428.4363828707541 26.217875217393072 3982.89804535177 0.0 438.4150328513347 25.84562850963946 4683.4019475221285 5.108132243E9 0.5818557470007604
634.0001133734017 0.862740517973519 3.1399999999999997 0.0 428.4363828707541 26.217875217393072 3982.89804535177 0.0 438.4150328513347 25.84562850963946 4683.4019475221285 5.108132243E9 0.5818557470007604
635.000113373402 0.8863147844177572 3.1399999999999997 0.0 427.7758291999136 24.920229662286808 3888.9847580680976 0.0 438.3442346742406 25.875732369785617 4691.043310769607 5.108132243E9 0.5866158731952619
636.0001133734022 0.8863147844177572 3.1399999999999997 0.0 427.7758291999136 24.920229662286808 3888.9847580680976 0.0 438.3442346742406 25.875732369785617 4691.043310769607 5.108132243E9 0.5866158731952619
637.0001133734024 0.8965149666239596 3.1399999999999997 0.0 428.59442712709136 26.95882115054099 3954.179407255489 0.0 438.57453028365825 25.84521227303508 4680.732097006936 5.108132243E9 0.5940201298494212
638.0001133734027 0.8965149666239596 3.1399999999999997 0.0 428.59442712709136 26.95882115054099 3954.179407255489 0.0 438.57453028365825 25.84521227303508 4680.732097006936 5.108132243E9 0.5940201298494212
639.0001133734029 0.9269822438116357 3.1399999999999997 0.0 428.9657946822183 26.702235750473058 4061.4635950699503 0.0 438.4538846978251 25.70010289828156 4699.452426048184 5.108132243E9 0.5960697860534179
640.0001133734031 0.9269822438116357 3.1399999999999997 0.0 428.9657946822183 26.702235750473058 4061.4635950699503 0.0 438.4538846978251 25.70010289828156 4699.452426048184 5.108132243E9 0.5960697860534179
641.0001133734033 0.9540040246159764 3.1399999999999997 0.0 429.43611010065837 26.871622797871282 4065.0295646812174 0.0 438.10835728801385 25.328615502693946 4701.350786086799 5.108132243E9 0.6020083846342705
642.0001133734036 0.9540040246159764 3.1399999999999997 0.0 429.43611010065837 26.871622797871282 4065.0295646812174 0.0 438.10835728801385 25.328615502693946 4701.350786086799 5.108132243E9 0.6020083846342705
643.0001133734038 0.9591816311684249 3.1399999999999997 0.0 429.74257891602485 25.703440628179777 4067.183538597625 0.0 437.9152711461436 25.41715928662877 4706.223711243687 5.108132243E9 0.6029103183115775
644.000113373404 0.9591816311684249 3.1399999999999997 0.0 429.74257891602485 25.703440628179777 4067.183538597625 0.0 437.9152711461436 25.41715928662877 4706.223711243687 5.108132243E9 0.6029103183115775
645.0001133734042 0.9970386553038262 3.1399999999999997 0.0 429.1394478520707 25.857102447024225 4161.786636888891 0.0 437.5375790798455 25.77404302509482 4710.367707599595 5.108132243E9 0.6115018427786874
646.0001133734045 0.9970386553038262 3.1399999999999997 0.0 429.1394478520707 25.857102447024225 4161.786636888891 0.0 437.5375790798455 25.77404302509482 4710.367707599595 5.108132243E9 0.6115018427786874
647.0001133734047 1.009186932509346 3.1399999999999997 0.0 406.34133733205266 25.363499792039594 4193.992250610911 0.0 437.9608078717147 21.99342568562814 3563.4651001070774 5.108132243E9 0.6134641571325495
648.0001133734049 1.009186932509346 3.1399999999999997 0.0 406.34133733205266 25.363499792039594 4193.992250610911 0.0 437.9608078717147 21.99342568562814 3563.4651001070774 5.108132243E9 0.6134641571325495
649.0001133734052 1.0437376292846074 3.1399999999999997 0.0 407.44369237456766 25.365788422916147 4242.422257542623 0.0 438.74499670261486 21.96523177679406 3560.046807955433 5.108132243E9 0.6159052885492076
650.0001133734054 1.0437376292846074 3.1399999999999997 0.0 407.44369237456766 25.365788422916147 4242.422257542623 0.0 438.74499670261486 21.96523177679406 3560.046807955433 5.108132243E9 0.6159052885492076
651.0001133734056 1.087280552326093 3.1399999999999997 0.0 406.36803606164244 26.17572702624724 4195.659905951784 0.0 437.795105202225 22.869099944999803 3570.6425513103413 5.108132243E9 0.6215990217408789
652.0001133734058 1.087280552326093 3.1399999999999997 0.0 406.36803606164244 26.17572702624724 4195.659905951784 0.0 437.795105202225 22.869099944999803 3570.6425513103413 5.108132243E9 0.6215990217408789
653.0001133734061 1.1000589192346333 3.1399999999999997 0.0 431.26198179781875 20.205677314330433 2729.9037864228226 0.0 438.4030882428064 21.779734556729025 3542.093297403381 5.108132243E9 0.6205035600140222
654.0001133734063 1.1000589192346333 3.1399999999999997 0.0 431.26198179781875 20.205677314330433 2729.9037864228226 0.0 438.4030882428064 21.779734556729025 3542.093297403381 5.108132243E9 0.6205035600140222
655.0001133734065 1.137744852918429 3.1399999999999997 0.0 431.49029649606 26.94635420745321 4083.770127911392 0.0 438.940252908276 26.34895289155522 4670.439501263569 5.108132243E9 0.6248849040006809
656.0001133734067 1.137744852918429 3.1399999999999997 0.0 431.49029649606 26.94635420745321 4083.770127911392 0.0 438.940252908276 26.34895289155522 4670.439501263569 5.108132243E9 0.6248849040006809
657.000113373407 1.1830713388417562 3.1399999999999997 0.0 431.58734294268504 21.70340315266103 2642.885454794368 0.0 439.8183784272017 22.587957229931956 3552.3371478836093 5.108132243E9 0.6280181560991802
658.0001133734072 1.1830713388417562 3.1399999999999997 0.0 431.58734294268504 21.70340315266103 2642.885454794368 0.0 439.8183784272017 22.587957229931956 3552.3371478836093 5.108132243E9 0.6280181560991802
659.0001133734074 1.0612677493205906 2.9999999999999996 0.0 408.18249230949186 26.081302714458754 4127.961491407889 0.0 440.92324757623345 22.317623567549187 3568.181011523564 1.4515446E8 0.6269291671764419
660.0001133734077 1.0612677493205906 2.9999999999999996 0.0 408.18249230949186 26.081302714458754 4127.961491407889 0.0 440.92324757623345 22.317623567549187 3568.181011523564 1.4515446E8 0.6269291671764419
661.0001133734079 1.1145964062538227 2.9999999999999996 0.0 37.8153923519248 9.469683002720332 86.86929064891774 0.0 24.358514549456462 10.532111467700354 50.86885646316038 1.4515446E8 0.6268073227514386
662.0001133734081 1.1145964062538227 2.9999999999999996 0.0 37.8153923519248 9.469683002720332 86.86929064891774 0.0 24.358514549456462 10.532111467700354 50.86885646316038 1.4515446E8 0.6268073227514386
663.0001133734083 1.17460957653252 2.9999999999999996 0.0 38.087138019980934 9.271347505231718 81.93321902752898 0.0 24.19519528516815 10.375804755201502 48.69832271803227 1.4515446E8 0.6276694446729714
664.0001133734086 1.17460957653252 2.9999999999999996 0.0 38.087138019980934 9.271347505231718 81.93321902752898 0.0 24.19519528516815 10.375804755201502 48.69832271803227 1.4515446E8 0.6276694446729714
665.0001133734088 1.201569958042654 2.9999999999999996 0.0 33.97116927860034 9.494259275925828 85.34146765663175 0.0 24.049996862786276 10.611451132177086 51.903517883845026 1.4515446E8 0.6337700351694956
666.000113373409 1.201569958042654 2.9999999999999996 0.0 33.97116927860034 9.494259275925828 85.34146765663175 0.0 24.049996862786276 10.611451132177086 51.903517883845026 1.4515446E8 0.6337700351694956
667.0001133734092 1.2375003753805163 2.9999999999999996 0.0 32.4351074244699 8.921773829048103 74.6261055616479 0.0 25.347110913498515 10.379481364254989 49.3678649379765 1.4515446E8 0.6322002998647821
668.0001133734095 1.2375003753805163 2.9999999999999996 0.0 32.4351074244699 8.921773829048103 74.6261055616479 0.0 25.347110913498515 10.379481364254989 49.3678649379765 1.4515446E8 0.6322002998647821
669.0001133734097 1.260601109636389 2.9999999999999996 0.0 39.058900764772886 9.948651216456986 91.05601674607776 0.0 24.74596972784053 10.513382941622266 50.44396777088453 1.4515446E8 0.6298227608499795
670.0001133734099 1.260601109636389 2.9999999999999996 0.0 39.058900764772886 9.948651216456986 91.05601674607776 0.0 24.74596972784053 10.513382941622266 50.44396777088453 1.4515446E8 0.6298227608499795
671.0001133734102 1.3127242478393872 2.9999999999999996 0.0 32.0623570668424 9.8869585530288 77.11429481369933 0.0 24.548365614966396 10.603002655009421 50.41143103199838 1.4515446E8 0.6359155780251182
672.0001133734104 1.3127242478393872 2.9999999999999996 0.0 32.0623570668424 9.8869585530288 77.11429481369933 0.0 24.548365614966396 10.603002655009421 50.41143103199838 1.4515446E8 0.6359155780251182
673.0001133734106 1.3285388319770854 2.9999999999999996 0.0 40.310147536648415 9.998699564024799 86.19112263750156 0.0 29.01204000609474 10.754716601194923 55.45268912142871 1.4515446E8 0.636488343177201
674.0001133734108 1.3285388319770854 2.9999999999999996 0.0 40.310147536648415 9.998699564024799 86.19112263750156 0.0 29.01204000609474 10.754716601194923 55.45268912142871 1.4515446E8 0.636488343177201
675.0001133734111 1.3757418937320125 2.9999999999999996 0.0 42.171015602363155 10.146411137473454 86.33006979795987 0.0 25.54066566742338 10.665208717825934 52.70211530034865 1.4515446E8 0.638576282134776
676.0001133734113 1.3757418937320125 2.9999999999999996 0.0 42.171015602363155 10.146411137473454 86.33006979795987 0.0 25.54066566742338 10.665208717825934 52.70211530034865 1.4515446E8 0.638576282134776
677.0001133734115 1.4562912729533175 2.9999999999999996 0.0 45.10203368881428 10.33012625037745 92.64594301276271 0.0 26.14122374593296 10.85175853036668 55.82873232542419 1.4515446E8 0.6342990361583197
678.0001133734118 1.4562912729533175 2.9999999999999996 0.0 45.10203368881428 10.33012625037745 92.64594301276271 0.0 26.14122374593296 10.85175853036668 55.82873232542419 1.4515446E8 0.6342990361583197
679.000113373412 1.4864926373959872 2.9999999999999996 0.0 45.34383225532569 10.12766752166583 91.42565749956638 0.0 27.673791937402417 10.86994609719454 57.65154249659029 1.4515446E8 0.6335180952724709
680.0001133734122 1.4864926373959872 2.9999999999999996 0.0 45.34383225532569 10.12766752166583 91.42565749956638 0.0 27.673791937402417 10.86994609719454 57.65154249659029 1.4515446E8 0.6335180952724709
681.0001133734124 1.5404192353744448 2.9999999999999996 0.0 44.243187770396105 10.092512978938416 89.06285249447933 0.0 28.518788288125354 10.69458142230299 57.16903432648021 1.4515446E8 0.6329748078154158
682.0001133734127 1.5404192353744448 2.9999999999999996 0.0 44.243187770396105 10.092512978938416 89.06285249447933 0.0 28.518788288125354 10.69458142230299 57.16903432648021 1.4515446E8 0.6329748078154158
683.0001133734129 1.550415932006354 2.9999999999999996 0.0 309.80002811568573 16.83903685799566 1547.5031238511206 0.0 304.1621665793542 14.473408247908553 1204.712953556206 1.4515446E8 0.6359256787172407
684.0001133734131 1.550415932006354 2.9999999999999996 0.0 309.80002811568573 16.83903685799566 1547.5031238511206 0.0 304.1621665793542 14.473408247908553 1204.712953556206 1.4515446E8 0.6359256787172407
685.0001133734133 1.6234961309277836 2.9999999999999996 0.0 311.1307683537998 17.079445202991106 1553.8192373617555 0.0 305.0013226070844 14.544307546622338 1213.831840943432 1.4515446E8 0.6256384858952178
686.0001133734136 1.6234961309277836 2.9999999999999996 0.0 311.1307683537998 17.079445202991106 1553.8192373617555 0.0 305.0013226070844 14.544307546622338 1213.831840943432 1.4515446E8 0.6256384858952178
687.0001133734138 1.661057344331312 2.9999999999999996 0.0 310.1957824210688 17.02507566470933 1547.4808073191568 0.0 305.05652941856846 14.45761766033282 1214.5929926331828 1.4515446E8 0.6310426195934097
688.000113373414 1.661057344331312 2.9999999999999996 0.0 310.1957824210688 17.02507566470933 1547.4808073191568 0.0 305.05652941856846 14.45761766033282 1214.5929926331828 1.4515446E8 0.6310426195934097
689.0001133734143 1.6977293636862765 2.9999999999999996 0.0 311.8277684574222 17.392325614731995 1569.0106233532736 0.0 306.8558204185632 14.859745223231437 1240.263355514992 1.4515446E8 0.6245704730102002
690.0001133734145 1.6977293636862765 2.9999999999999996 0.0 311.8277684574222 17.392325614731995 1569.0106233532736 0.0 306.8558204185632 14.859745223231437 1240.263355514992 1.4515446E8 0.6245704730102002
691.0001133734147 1.7786683401234842 2.9999999999999996 0.0 311.54191788381394 17.370175277524712 1586.2928254223214 0.0 306.5264403827945 18.464685820367063 2253.814840296215 1.4515446E8 0.6220465600618563
692.0001133734149 1.7786683401234842 2.9999999999999996 0.0 311.54191788381394 17.370175277524712 1586.2928254223214 0.0 306.5264403827945 18.464685820367063 2253.814840296215 1.4515446E8 0.6220465600618563
693.0001133734152 1.8307539334523861 2.9999999999999996 0.0 311.3717120878621 17.159879292714937 1550.577076547165 0.0 305.9885870979348 18.562965465347503 2234.6461216909506 1.4515446E8 0.617604338402647
694.0001133734154 1.8307539334523861 2.9999999999999996 0.0 311.3717120878621 17.159879292714937 1550.577076547165 0.0 305.9885870979348 18.562965465347503 2234.6461216909506 1.4515446E8 0.617604338402647
695.0001133734156 1.8406056954222372 2.9999999999999996 0.0 310.9351360468971 16.80551963412543 1502.4010587443174 0.0 305.0908418178261 18.522146923949403 2231.720980031226 1.4515446E8 0.6190670695128405
696.0001133734158 1.8406056954222372 2.9999999999999996 0.0 310.9351360468971 16.80551963412543 1502.4010587443174 0.0 305.0908418178261 18.522146923949403 2231.720980031226 1.4515446E8 0.6190670695128405
697.0001133734161 1.913536778104531 2.9999999999999996 0.0 310.11507600721654 16.739833130602975 1479.3926114477704 0.0 304.71469982305797 14.935223899483843 1212.9632957601088 1.4515446E8 0.6115334587853876
698.0001133734163 1.913536778104531 2.9999999999999996 0.0 310.11507600721654 16.739833130602975 1479.3926114477704 0.0 304.71469982305797 14.935223899483843 1212.9632957601088 1.4515446E8 0.6115334587853876
699.0001133734165 1.9718529467874062 2.9999999999999996 0.0 309.5089583074598 16.69992080873869 1469.1087537377073 0.0 304.09325874867426 14.87671367695244 1208.108539896619 1.4515446E8 0.612768340900306
700.0001133734168 1.9718529467874062 2.9999999999999996 0.0 309.5089583074598 16.69992080873869 1469.1087537377073 0.0 304.09325874867426 14.87671367695244 1208.108539896619 1.4515446E8 0.612768340900306
701.000113373417 2.027951983327225 2.9999999999999996 0.0 310.35325575132055 16.64628295730372 1452.200833221018 0.0 303.976106276653 15.013666490978226 1208.8425184706807 1.4515446E8 0.6046980750280451
702.0001133734172 2.027951983327225 2.9999999999999996 0.0 310.35325575132055 16.64628295730372 1452.200833221018 0.0 303.976106276653 15.013666490978226 1208.8425184706807 1.4515446E8 0.6046980750280451
703.0001133734174 2.0992920188572057 2.9999999999999996 0.0 310.74507670213893 16.418514604148584 1464.6289938145258 0.0 303.70153860687986 15.271864933095207 1211.131549046903 1.4515446E8 0.5966338467603194
704.0001133734177 2.0992920188572057 2.9999999999999996 0.0 310.74507670213893 16.418514604148584 1464.6289938145258 0.0 303.70153860687986 15.271864933095207 1211.131549046903 1.4515446E8 0.5966338467603194
705.0001133734179 2.0952942271134654 2.9999999999999996 0.0 310.5792193559153 17.105362280508 1472.5290458145641 0.0 303.31277578079084 18.928413439348134 2229.5856845566477 1.4515446E8 0.5975143647873729
706.0001133734181 2.0952942271134654 2.9999999999999996 0.0 310.5792193559153 17.105362280508 1472.5290458145641 0.0 303.31277578079084 18.928413439348134 2229.5856845566477 1.4515446E8 0.5975143647873729
707.0001133734183 2.194637954569073 2.9999999999999996 0.0 310.5470969519635 17.07793849820217 1478.3674666322202 0.0 303.1051780673297 18.933607228161517 2234.186298761971 1.4515446E8 0.5925398881390842
708.0001133734186 2.194637954569073 2.9999999999999996 0.0 310.5470969519635 17.07793849820217 1478.3674666322202 0.0 303.1051780673297 18.933607228161517 2234.186298761971 1.4515446E8 0.5925398881390842
709.0001133734188 2.249136602096951 2.9999999999999996 0.0 311.59729824966047 16.92339589061919 1487.4809866882347 0.0 305.6121210441627 18.936560348883617 2263.6531528346545 1.4515446E8 0.5844822476632487
710.000113373419 2.249136602096951 2.9999999999999996 0.0 311.59729824966047 16.92339589061919 1487.4809866882347 0.0 305.6121210441627 18.936560348883617 2263.6531528346545 1.4515446E8 0.5844822476632487
711.0001133734193 2.2818058290220575 2.9999999999999996 0.0 311.78527347099356 16.26295713463673 1472.9490730034174 0.0 306.5156304695673 15.622371046903666 1237.6058281249568 1.4515446E8 0.5823433850781521
712.0001133734195 2.2818058290220575 2.9999999999999996 0.0 311.78527347099356 16.26295713463673 1472.9490730034174 0.0 306.5156304695673 15.622371046903666 1237.6058281249568 1.4515446E8 0.5823433850781521
713.0001133734197 2.3189433457423005 2.9999999999999996 0.0 312.36052521165993 17.837755024981185 1488.726508909987 0.0 307.9724758174964 19.580860315485946 2274.0896793324196 1.4515446E8 0.5803258905761522
714.0001133734199 2.3189433457423005 2.9999999999999996 0.0 312.36052521165993 17.837755024981185 1488.726508909987 0.0 307.9724758174964 19.580860315485946 2274.0896793324196 1.4515446E8 0.5803258905761522
715.0001133734202 2.4406316266312986 2.9999999999999996 0.0 311.69194925477495 17.963807437334964 1498.6887012986567 0.0 308.02821193581235 19.725419920506617 2267.1136279533694 1.4515446E8 0.5672547905588656
716.0001133734204 2.4406316266312986 2.9999999999999996 0.0 311.69194925477495 17.963807437334964 1498.6887012986567 0.0 308.02821193581235 19.725419920506617 2267.1136279533694 1.4515446E8 0.5672547905588656
717.0001133734206 2.4054728867533464 2.9999999999999996 0.0 310.7510536675825 31.696799240545342 4092.8770380418373 0.0 405.0298652785341 31.610721365439186 7019.679621757036 1.4515446E8 0.5660279299931096
718.0001133734208 2.4054728867533464 2.9999999999999996 0.0 310.7510536675825 31.696799240545342 4092.8770380418373 0.0 405.0298652785341 31.610721365439186 7019.679621757036 1.4515446E8 0.5660279299931096
719.0001133734211 0.7250151199280057 3.26 0.0 311.3104445046828 18.237175655621037 1507.3179155497703 0.0 305.5775673190749 19.838975515810375 2246.2506871920737 1.98295987E8 0.5647190367242497
720.0001133734213 0.7250151199280057 3.26 0.0 311.3104445046828 18.237175655621037 1507.3179155497703 0.0 305.5775673190749 19.838975515810375 2246.2506871920737 1.98295987E8 0.5647190367242497
#####################################################################
# End of data export. Simulation finished at: 2025-02-21T10:40+0000 #
#####################################################################
